7583
1983
8362
9158
1627
1440
9827
8038
9578
7352
1569
5932
536
3821
6208
5779
5650
4782
7891
4
690
9287
1657
354
4507
1939
639
2084
9464
2289
6486
4472
4032
1770
294
3366
5181
9378
5411
7939
3677
8973
8335
391
1449
8340
9696
1569
8596
104
3683
5081
7061
9735
1297
5030
8537
8860
6865
3330
4066
7611
4271
7258
7397
9293
6347
2154
6931
3081
4341
4809
4774
5444
5352
2017
3887
5995
196
8145
7549
4446
1920
9398
6432
95
6783
8808
7486
3723
8387
7313
7798
6728
7568
9427
4852
5680
2402
4378
2341
4348
2177
7392
1435
5861
4596
6912
8803
4263
3460
3677
6820
8600
7795
1732
9595
23
6716
8542
677
600
7340
9211
6716
3055
3249
252
7846
7546
2962
7039
1994
9620
560
1728
2661
4808
9436
7630
8428
5267
3017
3004
2227
541
8962
2841
6925
2744
239
9458
5093
122
8324
8950
300
184
9803
6299
3795
5300
6068
1887
1596
9977
4441
9457
1724
3427
167
5937
8420
8532
1242
2725
5552
341
4471
8238
9455
4426
5344
2379
4757
5641
2868
2908
4845
6348
5189
2505
4387
7605
78
9892
9201
1138
1013
5052
3400
1121
6781
51
6785
997
5519
5042
84
793
8602
4348
5033
5876
2264
5425
5198
2607
9427
1140
7305
1651
1752
3870
7277
6918
4122
5700
3522
8999
4618
5815
8432
5544
6198
2939
1116
4236
2080
3290
3383
1249
4257
4041
4931
2543
7310
5083
7912
1953
617
1221
4214
9140
6842
995
1627
6718
3184
8713
87
4097
6306
4651
1838
912
2267
1249
2429
1697
7702
8101
3441
3780
6806
7711
7237
51
5642
675
3131
106
1519
4409
5533
968
1125
4542
2563
1510
246
2009
7847
8840
1509
65
9064
9698
2996
5309
1324
2542
4168
171
8058
5323
8545
6661
694
3127
4660
4352
2590
5584
8603
5639
2501
9463
8577
3545
2254
1286
6918
7886
9804
5811
3433
5087
8135
2630
1623
198
753
2264
4879
4100
8233
9997
5928
4178
6400
2211
613
1098
6762
9627
808
7367
5320
1591
6484
9866
3300
2597
7271
7855
9612
5003
5832
3887
7506
6995
7246
2983
7091
6537
3778
6248
3703
8483
7877
10000
7801
1312
292
8730
392
7268
8459
2961
8236
1731
2680
2667
5340
3020
9538
2644
8816
8280
3002
3463
7139
5570
6960
1637
763
8441
9817
1343
1244
5252
4703
3078
6234
7382
1034
662
1422
1795
4350
7773
3386
8897
5541
2242
6752
8386
8878
2196
8544
2145
853
881
8496
2154
6485
585
5618
2928
3564
2481
8064
265
6415
1580
5387
7548
717
3143
9300
3055
8200
9140
794
6746
9521
6185
1878
8320
147
137
7811
6046
4771
1572
1779
9876
4006
4539
2317
2357
596
55
8411
7274
9948
122
9603
5275
8840
2485
4980
9152
3889
2540
2836
6341
9622
455
6567
7933
2362
2074
5219
8536
4523
8264
5922
1816
4634
6355
4951
9264
5336
55
9732
3822
1934
2536
44
9739
1600
3369
8148
3680
2226
3742
4240
6155
8619
1076
8171
1666
7001
63
22
8343
2118
2053
1365
7613
410
874
4423
2522
7216
8538
6517
174
397
4638
2988
3683
5119
3305
9998
9556
6482
6659
7621
9299
8137
9672
10
9446
6938
913
1061
8834
5643
4099
7286
7931
4764
2150
9524
9483
1749
9929
9220
5921
5826
5924
8140
1099
2220
9871
4920
5191
1321
2721
7948
758
343
7931
2443
9458
4741
2342
7832
8018
6498
3930
1595
1692
6362
7920
6935
3834
7758
8715
4266
8912
5636
5106
2020
9548
7343
6241
7115
2783
8336
4273
8077
1227
7949
5909
3496
6446
9905
1287
2183
8542
9395
5602
6478
4373
5260
673
2920
9440
1843
4983
5118
5250
1404
2881
6267
6766
2705
8425
3982
2788
1582
8412
3216
4971
4211
3726
3767
6177
1622
6668
2777
5999
4055
7075
7317
4177
6744
6576
8863
2036
9453
4423
1210
2064
4400
3623
7643
7896
3833
5261
1659
2223
9275
3145
3693
1966
1234
7102
4289
9908
7708
6622
7240
5085
4581
3605
1001
8629
1960
3780
6803
7535
1043
7249
7940
5809
2826
3693
3562
2723
2335
1191
7784
824
6560
3999
2187
6827
3361
1821
365
5454
6748
2963
7242
7903
4550
3280
5921
7980
7284
9655
2829
9256
5917
7583
7749
126
9042
3132
5489
5670
4827
6254
1502
7654
8276
7416
2035
3275
9320
9268
3269
8888
413
6725
2344
1197
6384
2557
1975
1804
3250
2480
1990
9624
8388
6840
9045
751
5102
9499
1080
8570
6774
5018
7925
4498
655
1819
3389
741
7312
3657
1311
4537
8375
3690
9994
4656
5822
5186
5025
2397
92
823
7844
4007
1615
2036
8972
1675
9992
8497
2038
662
1415
3187
6437
9699
2394
2080
9825
4994
4384
4806
468
3290
1699
7788
1687
7072
6373
3289
9672
1384
4969
8627
143
9644
6534
3019
3410
5147
2392
584
3493
5827
2535
6529
2389
2626
6348
5055
1735
4745
3664
5361
2060
7059
1144
466
649
1876
4863
1816
4788
341
6434
7358
3761
1183
161
2469
2510
4438
5140
2663
7387
2585
2765
9180
2639
8135
7837
1280
167
579
3289
8036
2303
475
4398
9619
5846
5445
6962
3017
5213
5707
5502
2159
7616
5146
7289
5898
5161
6613
5238
853
9089
6863
5281
2572
2777
409
805
6043
5752
3256
4706
1141
4453
7498
3309
6825
7975
6027
7817
3042
7291
3875
117
2927
6822
3762
6021
4418
6219
6992
4917
7724
783
6462
8267
969
9900
6352
4429
5544
9779
5407
5443
8590
501
346
2190
5643
1780
3741
6953
2573
6101
7797
7919
3236
6073
5602
542
1974
2044
4686
7802
5059
2541
4893
1524
9771
4304
9429
2044
735
352
7072
805
4358
3945
2256
3976
8849
7124
1651
1676
657
5460
5911
5173
343
2418
9408
2810
8108
7732
7063
7212
9394
2323
9237
9859
1675
8860
1360
1147
3480
6231
5701
4943
5253
4247
4727
2372
5667
4529
7462
4298
6406
3456
5988
6142
1792
3560
8564
8099
9661
2650
5284
7859
2641
4904
2285
4160
4975
1338
4888
1696
5932
8527
611
4249
9218
2375
3045
4169
4537
4097
750
4281
4531
4145
5746
946
3271
9557
3863
4993
1842
9367
8765
2455
7000
5717
1470
5860
8032
9312
6550
7813
8385
6242
8533
3964
5959
803
6290
1391
3115
3821
1266
7795
5346
319
5002
7706
2453
47
737
2618
2689
7492
5177
9569
8351
8082
559
2470
7575
6327
8369
546
352
726
9137
2638
6315
5202
9031
2990
8273
4045
3403
5391
6458
6273
9059
3165
8992
5327
9257
6184
308
7062
1521
3000
1791
9367
1802
9279
394
7431
8930
637
6098
5684
5663
6602
3958
1051
9628
2079
3332
233
6192
2630
6612
5040
1477
9299
3458
8045
9672
5907
1169
5160
284
708
8862
364
9316
2117
8883
3639
5073
224
3565
2708
7064
5493
5393
4263
4696
1465
8058
5736
3306
8382
9078
1156
2378
6709
1169
8737
4101
849
4578
7601
4979
350
325
4216
9095
2898
8265
241
1893
6675
2683
5741
6932
5033
7186
5022
4644
8117
4204
724
1361
4833
8265
5125
136
8458
3895
290
2073
620
7134
8936
7374
8205
8925
9188
4539
9613
3827
8491
3815
8748
1523
6617
7962
5949
4274
2248
903
1465
2739
8787
3308
247
8645
1723
1383
4538
2619
5178
523
5371
9340
9686
8564
8554
1084
5896
9223
9727
1995
1150
7982
2133
3980
9518
5795
585
1657
3596
5930
9567
1077
334
5043
5127
7522
4462
2080
1870
2005
9295
1028
5799
3462
4643
2365
7067
2444
2844
1364
7855
3720
2482
2563
7749
6560
981
710
3526
2704
996
436
5711
3084
1965
7103
1593
569
5589
8138
1533
1468
890
9804
1447
2899
7335
6387
9114
627
888
8282
8085
8322
9951
2285
2373
518
966
396
8203
5309
9574
6158
111
7375
1559
4664
6773
7984
3321
4799
7071
6874
5027
474
4099
3883
25
2027
1454
2475
6003
3008
6121
7953
828
133
8012
9094
3481
8876
8592
8506
8731
8623
4377
709
422
7541
9412
1105
146
2788
6188
3302
5729
1303
9924
2710
9251
3408
8848
2971
9287
7678
2676
365
2819
114
834
6440
5957
1423
1982
4157
3835
4385
9812
136
9440
5727
493
1330
56
9395
749
9512
8302
7962
7328
4044
1979
9511
4679
7386
4186
4605
7309
606
7898
4493
1167
1460
2644
4108
668
1424
4525
8249
185
847
158
1086
7080
2893
242
7396
5081
9016
8704
764
801
9845
2218
3739
9259
1906
7573
7973
7357
4860
4010
2094
4572
9506
5676
1485
1330
602
3643
6049
5119
5554
936
121
2317
8393
4938
3359
441
9007
8016
196
8143
442
2712
4354
5365
7466
7600
2141
699
3840
6139
4460
8000
2378
5078
4439
2889
2050
3835
7409
5006
649
3557
5048
4357
7726
1574
4875
9476
5891
2438
5851
7697
8993
4941
2340
7164
8682
8610
3342
4063
2160
2468
5232
2564
1093
3225
9572
344
6194
5414
2977
6094
6204
9391
1652
7432
6387
9087
560
66
829
522
7496
5583
5955
9120
9707
4056
6618
1765
7984
1953
8965
2687
8001
7374
8649
7615
7052
2007
4593
8500
8887
9864
9811
2156
8661
9084
5474
685
4519
8715
3125
5939
2308
2305
5689
4202
7788
1297
9858
8879
4345
6650
1768
5218
2920
7401
1727
8094
2758
3966
6103
3645
7838
9187
2742
6229
9442
7403
8914
7
2952
9928
9604
7482
6567
5072
9849
643
7873
4912
5131
1353
884
4817
911
9990
1164
74
8992
9632
7211
8390
2412
1208
780
3864
8253
5570
2004
1020
7931
3271
2010
1296
8000
9063
2264
5475
157
3171
7810
4012
3915
8475
5159
2590
4036
2899
2166
2523
2786
5083
2803
758
3576
4750
2458
8926
512
2027
4530
4648
4885
4355
7174
3947
8035
6946
7728
2882
2235
6946
6471
5709
4139
4652
443
4954
5453
9648
1917
499
207
9656
2101
4327
2483
9335
3103
8029
8440
2567
1541
773
4968
1412
6643
2098
1411
8051
4230
9974
3469
4168
3751
8508
2947
9414
6343
204
8468
839
1899
4986
2029
3678
9545
8432
9317
5995
9507
7293
7403
6512
6037
733
669
6866
7946
2428
3514
8882
4915
7206
2378
3004
570
608
3932
9103
2644
1644
288
6878
1845
3896
8246
2599
9753
2953
2631
2802
6720
4231
1987
8300
121
8104
5610
805
1330
1313
6175
1062
335
1114
4777
359
3337
9906
9900
6256
9305
4194
2648
6910
821
6534
833
6985
9210
8314
6575
1028
811
8818
8758
7492
7769
8077
712
8660
6372
9290
8746
8568
8449
4314
388
7409
556
152
5645
2993
5391
7783
1190
8815
6147
4668
5446
9757
1815
8252
5366
6216
1647
7958
2430
8768
8670
3620
5264
760
8136
3821
5954
8800
9089
1663
690
1298
7914
8636
9637
1018
7373
8419
8849
3673
630
6992
9725
8955
1637
2582
3285
7111
1810
2716
5233
1927
8848
8245
5848
10
2709
4837
5585
3206
2264
6864
5531
673
3196
8501
9566
8226
1900
2652
8625
5139
3639
3596
7757
7739
1855
6128
5746
2265
5980
1083
5849
9123
38
4313
186
6976
7203
887
798
6658
2622
6934
359
2920
2441
2588
5103
6562
4724
348
4654
4535
5566
7031
80
9924
5819
2563
5463
662
1558
3515
9405
7626
313
6423
524
2034
5292
221
2273
3611
9450
9432
3454
6925
7178
664
9600
5858
4540
9146
8368
219
2290
9546
1982
607
1521
566
3514
2790
2504
4628
3013
2597
689
791
3016
8762
597
6318
1602
3642
9445
9694
392
4777
5494
2193
8392
3834
9149
5534
9568
9288
9019
2011
2429
6613
1594
3201
1045
3408
5497
3199
7464
1548
4053
1410
8341
5006
1609
1283
7897
1447
3942
9136
7886
8372
6502
3568
3265
562
9294
3777
5348
2038
3682
3301
6838
3275
8846
237
9263
6013
9314
467
2768
7110
3469
5582
2778
1815
3998
4146
1183
9610
1686
5255
9942
37
7570
5339
7986
8466
7592
4218
3941
8572
7999
8141
5377
9356
7956
5824
3280
7301
2682
9065
3684
4269
1106
1158
977
7277
2764
6405
698
299
8829
554
1705
9142
7089
4989
7235
625
1298
4978
875
2196
249
6493
1894
8735
8245
9125
9968
8240
6426
1320
8652
8663
2076
6527
4881
5448
3932
3716
435
3569
626
3617
2848
8253
7244
2459
445
6936
7845
7487
7279
4948
8665
2476
2222
7643
1976
5377
102
4070
1322
2024
9793
2749
594
8931
2034
1888
9014
8661
5299
1830
2509
6341
4177
4211
8474
9087
3494
719
6536
6491
7111
3141
807
9906
3103
4665
518
366
6220
462
4705
7361
6745
9639
6589
617
5580
8124
6081
755
2176
8144
2855
8397
3798
5360
2244
5904
4247
2110
4084
7278
7165
1823
5258
3992
1571
9041
5415
3187
7530
130
4935
444
61
4797
3556
2682
5959
7190
1462
9203
4404
9624
3608
5537
5413
476
3809
3638
1480
9133
7377
1214
2600
9242
8858
2405
32
9595
82
3481
4998
8984
1398
1312
5045
1574
3472
3996
7515
3620
9740
7374
7301
6805
9656
1290
1096
8142
3914
4410
1490
7699
9638
213
5871
3453
3936
9745
1184
3039
5343
4198
729
2745
4499
2469
3450
140
4649
3978
6352
3455
2060
1101
2637
5345
525
799
7446
2912
2630
2803
8715
3305
9804
3962
5036
8481
7684
7541
1402
5668
2199
1604
9659
2028
136
5044
706
1317
5574
889
9711
3166
7821
2072
5859
7714
3154
8680
2198
5304
9982
329
5116
6567
5914
8230
982
1550
1709
8712
7973
7204
754
9739
1252
2795
6301
8164
6999
3818
9375
8003
4894
1803
7448
5509
2702
9809
9117
1166
386
111
5322
7125
9102
8757
6185
2096
2965
6924
5252
4178
1243
4181
4055
8722
1645
1436
938
9581
6191
3171
6589
1903
4806
6076
2389
6958
4280
4342
1862
5032
2641
3629
6257
4094
9992
7963
705
2416
4769
371
1968
715
6931
1024
4255
1985
1500
5849
8550
6744
4132
2791
2392
789
2416
9738
5115
2730
9224
7449
550
4830
731
5353
1420
764
7393
161
2505
4895
8546
8091
378
332
8277
4508
3681
736
4315
2664
1897
6796
5885
6752
9367
9566
1826
5277
6354
7762
9846
2082
7909
1192
5416
9053
3234
824
1827
1982
3721
3011
2048
3323
4489
1964
2201
2067
9302
5032
7488
7249
7532
8273
193
404
4739
7521
8902
1149
3396
9453
7674
9080
5146
8063
1360
7231
9612
8729
261
1339
6666
791
5859
8044
3798
3172
4839
7947
5494
7168
7413
2014
263
2176
7786
828
372
1718
3411
2850
9014
6595
6220
4404
9806
4394
3291
1128
2258
9255
7183
2336
2756
5568
7859
198
7129
2283
1543
9821
8504
1056
4385
2565
1457
3664
5839
848
5537
9766
2416
6307
9779
3212
2676
9135
2376
3522
1538
720
3899
5179
7993
1429
9118
760
4296
4769
1561
713
4113
9409
7525
8384
8763
480
2435
7593
744
7783
6914
5352
8583
1721
3281
1953
3451
6702
9681
8253
6491
254
8287
6203
7307
4657
1985
326
7018
7173
2431
5110
6333
1855
852
1385
3741
7141
9380
5747
877
4699
3056
2708
175
796
8136
7929
6935
5660
7025
245
1375
2716
7431
3426
8957
1486
4996
3234
7938
9865
1634
1819
8436
4655
4190
1138
5342
7133
5661
4071
5526
6386
5459
6610
2752
3972
1217
3180
5201
5216
6047
7234
551
4288
2667
405
8759
5426
9200
2837
1798
1270
3787
5807
7100
7656
3418
3732
5190
6543
3974
8204
1499
8917
4722
5147
242
425
5956
3907
5074
8625
8564
6426
2905
5427
2514
4862
6209
6182
285
7494
6176
1316
2833
4506
991
8595
6289
1334
509
197
8038
715
3748
9020
1622
9718
9405
5298
8504
8773
1520
2568
1031
2183
5695
861
357
1444
2787
7506
1346
6109
9782
5899
8205
5045
2451
7560
7962
3888
3051
1653
9829
1098
7514
8543
8806
2268
9833
776
1574
5067
2565
3309
4544
8337
6239
5750
2299
7263
3653
3805
120
3667
3090
7955
359
8711
1346
2527
8238
2954
5704
5976
9580
8548
3411
4453
6331
8052
3950
5011
8901
8075
8839
5000
377
334
7459
2293
5469
8056
5952
1841
8982
5695
474
851
6310
8184
5682
8288
1557
2333
6956
6966
6851
3646
2344
6072
4429
2870
9780
4891
2478
1711
8496
6912
4440
1400
7874
8660
787
4790
6042
9028
485
1033
3608
7764
8562
4145
8221
3058
5302
1904
9824
2695
3921
6674
6130
5070
2435
5834
5412
8808
856
2350
1671
7903
1749
5302
3299
1753
196
9825
6733
6831
6284
1834
6995
2303
645
8665
8170
174
3194
7628
5690
1666
9631
375
5799
6544
2629
2137
4532
3889
5308
529
3875
7483
3033
1889
688
2749
6664
5218
47
138
980
5256
3507
2345
7108
744
1185
7020
1896
7703
1539
2193
8309
6117
7137
2406
6396
1978
6429
6000
898
943
3678
7517
892
1552
4288
1560
1417
2720
4458
6189
1044
78
3312
4509
9066
9079
4905
7172
2713
1947
4420
250
8074
7732
6839
9687
5296
8869
7688
5275
2017
3520
559
2220
9797
7995
3947
1297
9468
5475
3188
4575
357
2849
7714
6914
3117
3756
6188
3790
1588
720
6979
7158
838
5981
816
3309
8296
5171
3259
2283
7474
2349
446
3698
7164
2699
2345
2114
1324
9092
7607
2777
7439
3435
5313
3647
4117
98
2801
2386
9106
9388
4698
9133
6770
8552
9734
542
3469
1019
3696
168
3708
2908
1251
9174
2283
3222
7762
2897
6815
3338
9370
627
985
9475
309
3069
6251
7582
32
1895
6027
7705
3119
2198
7062
7291
5168
9315
4599
4325
4077
9737
7112
5912
102
8223
1847
3206
1310
8503
1261
4909
5509
3077
8796
7458
6966
9508
9191
7082
6849
5302
2214
4895
6156
5579
1161
3744
678
1604
1805
4618
620
8840
637
3462
575
5542
7195
8531
4166
5292
3775
198
6112
199
8847
1646
684
8796
864
7469
1437
6247
475
1796
7784
2
2308
9150
1808
2808
5383
6433
2372
1291
5492
128
5463
947
7069
3924
3104
1127
1724
2523
6643
7185
6523
9617
1392
5501
8526
6239
1194
722
8260
7026
7579
468
4766
8910
2246
681
3038
7618
1213
2411
3908
1869
4004
6605
4853
7425
501
9842
734
9367
7318
4346
9079
2259
152
5694
2155
585
2737
2606
4886
2512
717
5177
6592
2583
5968
2557
7114
9333
6319
6256
1910
7109
191
8110
1340
4850
1566
9539
5754
7903
7569
4347
1180
1002
5325
1416
8284
4626
6363
901
9852
3495
6902
3833
1329
2193
7862
9197
4594
6051
8002
8385
1010
8433
6161
2332
1962
8096
8801
4291
7227
9469
3276
4972
4897
592
872
8979
1708
2178
4350
1421
7292
2990
9742
411
3546
6692
4800
945
9871
2787
9406
328
6511
5352
1568
2336
6790
6834
5848
2442
6614
632
6767
4661
6943
6317
9119
663
5473
8450
964
639
3214
2861
141
9320
1603
9193
7334
3265
1976
7870
971
651
278
4306
9750
770
6073
6816
9177
2768
9174
3816
5123
5902
1438
9543
9692
252
1955
3881
1379
2915
6571
2748
4603
4777
7651
2503
769
6740
118
171
4273
5587
4126
1432
3257
2634
1930
4339
2558
3852
2881
6678
6334
4606
7141
9416
2278
265
3483
303
2757
2192
955
68
2464
6963
9331
822
4087
7076
2609
1874
952
3944
1968
2561
6627
6351
1122
9010
894
7480
575
1033
3145
9038
4685
8392
3237
4728
4481
9245
4240
7536
9061
9388
3124
9265
5306
9119
8258
2327
704
5707
5480
7730
7667
9381
8074
1627
6120
981
3616
2474
2281
1161
1981
7046
413
5005
7920
6399
2092
6394
8654
3129
6529
9212
9887
4874
8033
2681
696
8438
4763
479
2394
7688
7184
1581
5032
7124
2965
3716
4062
5323
7351
7199
1248
2670
9774
2801
2817
6775
7253
9902
8038
8276
873
2429
7818
2949
991
4796
5267
3705
5323
5541
132
3299
6431
5776
6916
8323
641
1224
95
5090
3392
4514
3036
1230
88
1403
15
8855
1923
6546
3648
169
2547
2470
347
8619
5917
2913
7817
4311
7560
8021
8895
1084
647
9974
9590
3056
2771
3592
7947
1273
1805
8170
6952
1470
7154
6516
6130
1609
6319
1101
5956
2816
8343
7776
3740
8516
8339
4175
644
8794
4057
3896
20
760
3329
9111
2598
9810
7620
8685
6682
7638
6709
4624
7979
1717
3108
1619
1682
8275
9985
4199
1882
3648
7998
8401
9859
3544
2040
7118
8027
8040
2039
6917
2138
3554
8996
3356
236
9427
859
446
5428
6691
1553
27
1391
3724
4727
7968
1719
830
2416
7240
330
9683
3119
2179
634
575
4597
2743
7926
826
6138
4148
5016
2193
425
1500
6016
7865
5569
595
1681
9670
8040
4691
6139
3291
4499
8435
9657
7218
2436
4713
1116
3055
2723
4717
824
5216
1841
8977
7516
1048
2857
5966
5720
2604
4183
7568
4362
3437
6701
6932
3002
9319
8899
1392
391
6874
8479
901
1745
9655
4358
6337
1576
1021
466
6008
6324
4580
3397
5140
3191
4953
8876
3290
6913
4988
7863
1438
7218
2343
6616
5034
2549
7120
7882
4299
5995
3280
1204
2093
7061
6325
6286
8761
5494
5957
2947
2747
7560
1747
7144
5784
3326
6679
5516
352
4091
3817
80
992
7441
3135
5081
2092
6315
3288
6996
43
9551
9207
777
3747
7518
9683
4579
2791
7567
5358
335
8782
3323
9605
1987
9622
9977
9944
1505
4696
8349
6763
7707
8270
9869
2252
6505
2002
357
6774
4810
2185
4107
933
1015
3680
7861
8154
2158
8933
9
1841
1277
7434
2469
5938
7853
6757
1649
9125
4674
1643
8081
3002
4176
9471
8559
5719
2704
8581
9097
803
5379
5676
1927
2627
7606
251
1200
8898
198
4619
8717
7607
7990
3637
6686
1106
8463
2526
4364
8182
1336
2592
5582
445
5638
491
4016
216
133
2348
9793
7335
6552
700
1723
3577
877
7900
7945
3347
2596
1439
8804
8278
1170
106
8798
8668
8561
9191
2291
8963
1370
2256
4908
8510
7574
4154
5958
9239
2657
8207
6995
1530
4432
3297
8656
8190
1333
8844
6870
8901
880
3451
7364
6295
616
94
8925
921
5610
410
7118
5667
7601
3122
1252
5347
8183
213
3323
2476
6011
3303
6393
2819
1684
276
5404
3228
8581
8610
4049
1695
993
8871
2407
1985
8000
171
7251
7201
1939
9535
1446
384
4725
990
2636
612
4994
5346
4262
895
6108
3627
6506
4907
9227
9836
24
569
7941
3270
3921
4907
8208
73
6692
3566
707
5752
5097
7276
4291
6844
9857
320
7613
508
9917
9931
1022
3164
606
1655
6267
5715
381
1931
703
1569
3629
7214
1071
7745
3758
9375
8820
1899
9427
8836
7993
7261
3845
5185
7043
5083
3385
9500
5777
8565
1247
431
3076
4200
6173
8733
8913
3880
7740
5065
7381
7532
2706
8051
2569
9194
6431
8516
150
6116
9035
716
985
5667
4944
6474
1754
5620
7812
2604
602
8128
5915
7975
6220
1456
3994
3993
6646
4048
2830
4221
4951
2244
5726
7552
6139
6393
9342
3409
5005
5885
390
7246
988
8017
979
2653
2081
5053
9836
4967
6416
8245
6039
2700
6541
6555
3549
7187
9473
4390
2731
2513
8429
6081
8683
5308
1198
5894
3794
4944
5522
9597
347
7122
3946
7439
1828
6739
1632
8608
8136
3207
9418
2973
3805
710
1152
818
6302
4883
2043
1919
2891
91
6622
7420
176
1568
730
4794
1155
7207
6556
4268
9442
5855
3210
9302
205
3252
3342
6741
7839
130
7681
5215
6995
6845
3724
796
4629
7072
3643
4197
1590
5844
1059
3260
4628
628
3430
6268
90
8560
2292
2146
195
4078
6772
589
7189
9911
1171
1298
3291
5361
2221
8419
6227
7448
3418
8897
1194
563
970
9327
7173
4629
7060
3065
9073
5744
2634
1269
3165
561
6866
9640
1574
5848
7265
3292
3923
1478
1801
3825
819
1948
1461
3810
4948
4833
7649
9993
1269
2820
5359
5958
3582
5571
6504
459
8062
1452
784
6827
245
4578
6509
7317
4531
6499
7497
5484
7153
1447
8469
5561
431
4218
7393
1459
9437
1118
394
5885
5950
891
2787
1584
7594
1001
6759
1531
5363
5712
3262
521
1258
9645
2942
5442
3699
327
2147
1316
3686
6515
978
1907
1351
8229
3258
6446
1576
3320
6653
5300
1710
5248
2174
8711
8817
285
6218
992
5656
3299
2860
3236
37
1832
8908
1205
2924
2910
536
4412
5930
418
6310
2421
2019
8547
8632
2699
6076
1031
6913
6663
7003
7642
1543
8691
2460
5993
4297
6019
1141
5182
8707
6406
2172
8717
8176
1497
8039
3246
2159
5548
9125
2859
6313
1898
91
5933
498
1923
481
7042
5454
9788
2270
8787
3558
7882
6561
7731
1435
3483
2162
3609
5642
4774
4393
1074
5537
7363
1325
2688
3921
509
4111
2280
5556
983
2439
7963
6017
9133
7935
5651
3117
6957
4400
673
1060
1494
1994
5540
4633
1648
2120
7020
378
3628
6258
6719
9576
6781
1508
476
1829
2854
1792
4159
2399
1094
2384
5637
1452
2658
8878
2656
694
4610
6727
1485
7065
2511
9693
9267
3610
1242
4253
671
4267
1569
7393
3902
4364
7422
2070
9898
2068
4992
8672
1641
3457
2270
2460
4002
3244
4137
4886
4290
1072
1649
1805
8990
8156
7227
1732
1962
1879
1618
7626
7705
8836
508
252
7910
535
1118
1866
3202
8230
2642
4087
7678
1907
1479
8884
1532
8009
5754
4832
2129
7092
2836
1401
542
6630
5252
4710
5407
3976
2895
9448
6387
4718
5669
8429
2766
6974
6629
5575
6683
5778
9300
205
1190
3644
5386
8161
9049
5930
7469
5954
2645
922
3698
3730
2451
9423
9505
6363
5659
996
1049
8909
7333
8256
52
7275
8463
3595
7948
3255
4527
353
9006
7563
9833
3893
350
2169
6962
8439
8091
5557
2117
5753
5620
1762
6774
8110
7915
4490
4742
1219
1753
1651
1815
9363
9970
8814
2033
8566
2155
6945
8804
9466
4649
8455
2766
597
1355
310
9103
7769
6971
6546
27
265
7985
2144
7295
6139
25
2493
8952
559
374
2528
7921
6431
5046
4062
8172
6614
9864
669
1171
8038
4124
1850
7886
3797
8618
2895
6119
4632
4005
1887
125
4163
6033
5204
4614
9903
387
8299
7785
4877
1976
8382
1627
4187
985
707
4151
7956
2013
9363
1171
8396
6943
1245
1825
717
9282
523
6548
1611
2402
2918
2132
3711
237
1558
1683
434
2401
6508
5008
1064
7480
6964
4028
303
5730
3733
444
9368
305
5483
3470
7509
2091
1270
2719
676
1883
6404
6812
395
8681
8269
7271
3428
2459
7198
2109
7867
7244
9016
3126
2566
8573
777
4109
4324
1609
956
6257
345
7837
5165
5082
6985
2935
8319
208
8482
7422
4033
2920
8384
7138
7710
5504
8859
2566
5636
9086
8051
6635
5016
3379
1087
2799
1543
438
434
3190
256
5071
2479
4631
993
912
1375
5083
2687
7131
2737
3825
3354
8768
4849
8150
8303
1061
3803
739
4064
3692
3169
8375
370
1279
9356
5702
4661
3935
2992
3890
6185
3565
83
7642
7535
2680
8800
5760
7502
601
7526
415
7991
603
3702
5404
9946
1376
5853
700
4426
2127
1118
807
2703
2
1125
1451
4747
1711
8231
4900
9520
2693
1261
3515
8575
8298
3091
7197
3187
2002
6268
1741
6320
2563
6264
364
3670
8151
857
2024
9579
177
1666
2819
8007
835
5633
6677
5633
2160
2558
724
7707
4909
9604
5828
8809
2494
2721
4938
5768
382
5097
3749
7629
5598
1263
575
5035
6290
3990
9519
4361
7049
3684
2147
5107
4428
4216
9405
3135
7096
7022
6411
5491
5871
801
2316
3222
5115
801
7839
9636
1829
9477
4846
5958
9621
9298
4123
7969
507
7612
6618
61
8766
1756
8768
8425
9539
932
122
9518
688
4543
5856
3217
8273
492
7643
4940
6666
2316
837
6479
6702
4825
2064
4563
3056
1146
2411
6464
8713
8948
1984
2720
9241
2340
1505
2451
2593
3626
6244
7956
2224
8216
732
1291
8012
3644
1706
9077
4467
5193
3875
6353
8563
8653
436
7612
519
2222
4612
5648
4787
2406
8441
6520
7506
6529
2494
7271
1517
1173
9347
1914
575
8546
485
1259
2487
7945
256
2727
6494
9233
2978
6610
6938
1192
849
4026
8977
2583
8752
2409
2418
7257
2974
399
4945
5598
8880
3039
8513
699
704
8536
8039
5140
645
6424
6140
412
4277
6668
307
1644
4712
2971
1164
2002
2192
1939
7752
9692
630
7539
8494
5494
7798
5276
829
2689
6653
8274
1747
356
5746
8647
3726
550
5587
1225
1073
3549
1682
891
1353
1505
1728
3986
6544
597
4743
3169
8514
5655
9358
9127
1406
7365
985
2982
4016
1122
2352
1560
892
4857
2369
589
7405
9202
1928
8472
3663
883
9006
7371
2969
841
7215
1040
1584
8583
2944
1514
3592
9981
4593
859
2748
2445
5840
103
6784
554
286
4312
4356
7170
7094
852
1196
2926
9595
9964
7326
2503
785
8998
5307
6315
9375
5581
1826
7520
9235
7224
7666
4056
4838
9256
6686
8566
2594
1366
8230
9120
9153
6316
9283
5750
4440
3442
2339
962
7364
4173
3142
1216
2947
6179
1943
928
791
194
1551
1065
9142
9761
7767
2208
837
3671
7821
6281
8407
4555
5338
4062
1584
4651
4321
5614
319
6049
7657
4423
9019
9635
1998
3623
8349
3002
501
8927
6287
7525
3775
5593
6195
5039
1585
636
4951
1822
2257
1006
1831
5598
7443
25
132
4765
9621
2801
4804
5576
7399
4597
4425
2182
7984
2883
2310
3
2029
8129
9536
7520
7482
4042
8081
3721
854
181
4547
5959
2066
8108
3883
2407
1771
3531
9588
2170
5768
1608
430
8143
1397
4643
6757
6014
6690
4877
8775
2470
2694
6526
9217
1258
8696
2065
6649
151
3503
9091
305
9465
