10000
9997
9994
9998
9993
9992
9992
9990
9982
9985
9981
9977
9974
9974
9970
9968
9951
9977
9948
9942
9929
9928
9924
9924
9917
9944
9911
9908
9906
9906
9905
9931
9903
9900
9900
9902
9898
9892
9887
9871
9871
9869
9866
9865
9864
9859
9859
9858
9857
9852
9849
9846
9876
9845
9836
9836
9833
9833
9842
9829
9827
9864
9825
9824
9817
9821
9812
9811
9810
9825
9809
9806
9804
9804
9803
9797
9793
9793
9782
9788
9780
9779
9774
9779
9771
9804
9766
9946
9761
9753
9742
9757
9740
9750
9739
9745
9738
9734
9732
9727
9737
9725
9718
9711
9739
9699
9698
9696
9694
9693
9707
9692
9692
9687
9686
9683
9683
9735
9681
9672
9670
9661
9659
9672
9657
9656
9656
9672
9655
9648
9645
9644
9640
9637
9639
9636
9632
9631
9638
9628
9627
9624
9624
9655
9622
9622
9964
9621
9621
9620
9619
9617
9613
9612
9610
9604
9604
9605
9603
9597
9600
9595
9595
9595
9612
9590
9635
9588
9581
9576
9578
9574
9572
9569
9567
9568
9566
9566
9579
9557
9548
9546
9556
9545
9543
9539
9538
9539
9535
9524
9521
9520
9519
9518
9518
9580
9512
9551
9511
9508
9507
9506
9505
9500
9499
9483
9477
9476
9473
9475
9471
9469
9468
9466
9536
9465
9463
9458
9458
9457
9464
9455
9453
9450
9453
9448
9446
9445
9442
9442
9440
9432
9440
9427
9427
9427
9427
9416
9436
9414
9412
9408
9409
9406
9405
9405
9398
9418
9395
9395
9394
9391
9388
9388
9381
9380
9437
9378
9423
9375
9375
9375
9370
9368
9405
9367
9367
9367
9367
9363
9363
9358
9356
9356
9340
9342
9335
9331
9333
9320
9320
9319
9315
9314
9317
9312
9327
9305
9302
9300
9300
9299
9299
9316
9298
9294
9295
9293
9290
9288
9287
9287
9275
9268
9267
9282
9265
9264
9263
9302
9259
9257
9347
9256
9256
9279
9255
9251
9245
9242
9239
9237
9241
9235
9233
9227
9223
9224
9220
9218
9283
9217
9210
9211
9207
9201
9200
9197
9212
9194
9193
9191
9188
9187
9191
9180
9177
9174
9174
9158
9203
9153
9152
9150
9149
9146
9202
9142
9140
9140
9137
9136
9142
9135
9133
9133
9127
9125
9125
9125
9123
9133
9119
9119
9118
9117
9111
9114
9106
9103
9103
9097
9095
9102
9094
9120
9092
9089
9089
9087
9087
9086
9084
9120
9080
9078
9077
9073
9066
9064
9063
9065
9061
9059
9053
9049
9045
9079
9042
9041
9079
9038
9035
9031
9020
9028
9019
9016
9016
9019
9014
9014
9010
9007
9006
8999
8996
9006
8993
8992
8992
8990
8984
8979
8982
8977
8977
8973
8972
8962
8957
8955
8965
8952
8950
8948
8963
8936
8933
8931
8998
8930
8927
8925
8917
8914
8913
8912
8925
8910
8909
8902
8908
8901
8901
8899
8898
8926
8897
8897
8888
8887
8895
8884
8883
8882
8880
8878
8879
8876
8876
8871
8869
8878
8863
8862
8860
8860
8859
8858
8855
9429
8849
8849
8847
8848
8840
8840
8840
8839
8844
8836
8836
8834
8848
8829
8818
8816
8815
8820
8814
8817
8809
8808
8808
8806
8804
8803
8801
8800
8804
8798
8800
8796
8794
8796
8787
8787
8782
8846
8775
8773
8768
8766
8768
8765
8763
8762
8761
8759
8758
8768
8757
8752
8748
8746
8737
8730
8729
8722
8733
8717
8717
8731
8715
8715
8715
8713
8713
8712
8711
8711
8707
8704
8735
8696
8691
8685
8682
8683
8681
8680
8668
8670
8665
8665
8672
8663
8661
8661
8660
8656
8660
8654
8649
8647
8645
8636
8632
8629
8627
8625
8625
8653
8623
8619
8619
8618
8610
8610
8603
8600
8602
8596
8608
8595
8592
8590
8652
8583
8583
8581
8581
8577
8575
8570
8573
8568
8566
8565
8572
8564
8564
8563
8564
8562
8561
8559
8560
8554
8552
8550
8547
8548
8546
8545
8544
8543
8542
8542
8538
8546
8537
8536
8536
8531
8533
8527
8526
8516
8516
8514
8513
8510
8508
8532
8506
8504
8504
8501
8500
8503
8497
8566
8496
8496
8481
8479
8482
8475
8474
8491
8472
8469
8468
8463
8463
8466
8459
8458
8455
8450
8449
8441
8441
8439
8494
8438
8436
8433
8432
8432
8429
8429
8435
8428
8425
8425
8420
8419
8412
8419
8411
8483
8407
8397
8396
8393
8401
8392
8392
8387
8390
8385
8385
8384
8386
8382
8382
8388
8375
8375
8372
8369
8368
8362
8351
8384
8349
8349
8341
8340
8343
8337
8343
8336
8335
8324
8323
8339
8322
8319
8314
8309
8320
8303
8300
8302
8298
8299
8287
8296
8284
8280
8282
8278
8288
8277
8440
8276
8275
8276
8273
8273
8273
8270
8269
8267
8265
8264
8260
8265
8256
8274
8253
8253
8252
8249
8246
8258
8245
8245
8245
8240
8238
8236
8233
8238
8230
8230
8230
8229
8231
8226
8223
8221
8216
8207
8208
8205
8205
8204
8203
8200
8190
8184
8176
8182
8172
8171
8183
8170
8170
8164
8156
8161
8154
8151
8150
8148
8145
8144
8142
8141
8140
8138
8137
8143
8136
8136
8135
8135
8129
8128
8124
8117
8110
8110
8136
8108
8104
8101
8108
8099
8096
8094
8091
8085
8091
8081
8081
8077
8077
8075
8074
8074
8064
8063
8062
8082
8058
8056
8052
8058
8051
8051
8045
8051
8044
8040
8040
8039
8038
8038
8038
8038
8036
8035
8033
8029
8032
8027
8039
8021
8018
8016
8012
8012
8009
8017
8007
8002
8003
8001
8000
7999
8000
7998
7995
8000
7993
7991
7986
7990
7985
7993
7984
7982
7980
7984
7979
7975
7975
7973
7969
7973
7968
7963
7963
7962
7962
7958
7962
7956
7956
7956
7955
7949
7948
7948
7947
7947
7946
7945
7945
7940
7941
7939
7938
7935
7953
7933
7931
7931
7929
7931
7926
7925
7921
7984
7920
7920
7919
7915
7914
7912
7910
7909
7903
7903
7900
7898
7903
7897
7891
7886
7886
7886
7882
7882
7896
7877
8143
7874
7873
7870
7865
7867
7862
7863
7861
7859
7859
7855
7855
7853
7847
7846
8253
7845
7844
7839
7838
7837
7837
7832
7839
7821
7821
7818
7817
7813
7812
7817
7811
7810
7798
7801
7797
7795
7788
7795
7785
7784
7784
7798
7783
7783
7802
7776
7773
7769
7769
7767
7786
7764
7762
7762
7752
7749
7749
7758
7745
7740
7757
7739
7732
7732
7731
7730
7728
7726
7724
7714
7714
7710
7708
7707
7707
7706
7705
7703
7702
7699
7697
7705
7688
7688
7684
7681
7711
7678
7678
7667
7674
7656
7657
7654
7666
7651
7788
7649
7643
7643
7642
7642
7643
7638
7630
7629
7628
7626
7626
7620
7616
7615
7618
7613
7613
7612
7621
7611
7607
7607
7606
7605
7601
7601
7600
7594
7612
7593
7592
9091
7583
7583
7582
7579
7574
7573
7570
7569
7568
7568
7567
7563
7560
7560
7549
7560
7548
7546
7541
7541
7552
7539
7536
7535
7532
7532
7535
7530
7526
7525
7522
7521
7525
7520
7518
7516
7517
7515
7509
7514
7506
7506
7497
7498
7496
7506
7494
7502
7492
7488
7492
7487
7486
7483
7575
7482
7482
7480
7480
7474
7469
7466
7464
7469
7462
7459
7449
7448
7458
7446
7441
7439
7439
7434
7448
7432
7431
7431
7425
7420
7416
7422
7413
7409
7422
7405
7403
7403
7401
7409
7399
7396
7397
7393
7393
7393
7443
7392
7387
7382
7381
7377
7375
7374
7374
7374
7386
7373
7367
7365
7371
7364
7363
7364
7361
7357
7352
7351
7343
7335
7340
7334
7358
7333
7328
7335
7318
7317
7313
7312
7309
7307
7305
7301
7301
7295
7293
7292
7317
7291
7291
7289
7286
7279
7284
7278
7277
7275
7274
7276
7271
7271
7268
7271
7265
7257
7253
7261
7251
7249
7249
7246
7246
7263
7244
7244
7242
7326
7240
7240
7237
7235
7234
7231
7227
7227
7224
7218
7218
7216
7215
7214
7212
7211
7206
7207
7204
7258
7203
7201
7199
7198
7197
7190
7195
7189
7187
7186
7185
7184
7310
7183
7178
7173
7174
7172
7170
7168
7165
7164
7164
7173
7158
7154
7153
7144
7141
7139
7141
7138
7137
7134
7133
7131
7277
7129
7124
7124
7125
7122
7120
7118
7115
7118
7112
7111
7110
7109
7111
7108
7103
7102
7096
7092
7091
7094
7089
7082
7100
7080
7076
7075
7114
7072
7072
7071
7072
7069
7067
7065
7064
7063
7520
7062
7062
7061
7061
7060
7059
7052
7046
7039
7043
7031
7026
7025
7042
7022
7020
7020
7018
7001
6999
6996
6995
6995
6995
6995
6992
6992
7003
6985
6979
6985
6976
6974
6971
6966
6963
6966
6962
6960
6958
6962
6957
6956
6953
6964
6952
6946
6946
6945
6943
6943
7049
6938
6935
6938
6934
6932
6932
6931
6931
6935
6925
6924
6925
6918
6917
6916
6918
6914
6914
6913
6912
6910
6902
6913
6878
6912
6874
6874
6870
6866
6865
6864
6866
6863
6851
6936
6849
6844
6845
6842
6840
6838
6839
6834
6831
6827
6827
6825
6822
6820
6816
6815
6812
6805
6806
6803
6796
6790
6785
7000
6784
6783
6781
6781
6775
6774
6772
6774
6770
6774
6767
6763
6762
6766
6759
6752
6752
6748
6757
6746
6744
6744
6745
6741
6740
6773
6739
6733
6727
6720
6725
6719
6728
6716
6716
6709
6702
6702
6701
6692
6692
6709
6691
6718
6690
6686
6686
6678
6677
6675
6674
6679
6668
6668
6666
6666
6682
6664
6663
6661
6659
6658
6683
6653
6653
6650
6757
6649
6646
6643
6643
6635
6629
6627
6622
6622
6618
6630
6617
6616
6613
6613
6614
6612
6614
6610
6610
6605
6602
6595
6592
6618
6589
6589
6576
6575
6571
6567
6562
6561
6560
6556
6567
6555
6552
6560
6550
6548
6567
6546
6546
6544
6543
6536
6541
6534
6534
6529
6529
6529
6527
6544
6526
6523
6520
6517
6516
6515
6512
6509
6511
6508
6506
6505
6504
6502
6498
6499
6491
6493
6485
6486
6484
6479
6482
6478
6474
6471
6464
6462
6494
6458
6446
6440
6446
6437
6433
6434
6431
6431
6431
6432
6429
6426
6426
6424
6416
6415
6411
6423
6406
6406
6405
6404
6400
6399
6491
6396
6393
6393
6387
6387
6387
6386
6373
6372
6363
6363
6362
6354
6353
6355
6352
6351
6352
6348
6348
6347
6343
6394
6341
6341
6334
6337
6331
6325
6324
6320
6333
6319
6319
6318
6317
6384
6316
6315
6313
6315
6310
6307
6306
6302
6310
6299
6295
6301
6290
6290
6289
6327
6287
6286
6284
6281
6315
6273
6268
6268
6267
6267
6264
6258
6257
6257
6256
6256
6254
6251
6248
6247
6244
6242
6241
6239
6234
6229
6231
6227
6239
6220
6220
6220
6218
6216
6219
6209
6204
6203
6198
6208
6194
6192
6195
6191
6189
6188
6188
6185
6185
6182
6179
6177
6176
6185
6173
6158
6161
6147
6155
6142
6140
6139
6139
6139
6139
6138
6156
6130
6130
6128
6121
6120
6119
6117
6116
6112
6175
6109
6103
6108
6101
6098
6094
6537
6081
6081
6076
6073
6072
6076
6068
6051
6073
6049
6046
6047
6043
6042
6039
6037
6033
6049
6027
6021
6019
6017
6016
6027
6014
6013
6011
6008
6003
5999
5995
5995
5993
5995
5988
5980
5976
5968
5966
6000
5959
5959
5981
5958
5958
5957
5957
5956
5956
5958
5955
5954
5954
5952
5950
5949
5937
5938
5933
5939
5932
5932
5930
5930
5930
5928
5959
5924
5922
5921
5921
5917
5915
5914
5917
5912
5909
5907
5904
5902
5911
5899
5894
5898
5885
5885
5885
5876
5871
5871
5861
5859
5859
5891
5858
5856
5855
5851
5853
5849
5849
5860
5848
5848
5848
5846
5840
5844
5839
5834
5832
5828
5827
5896
5826
5824
5819
5822
5815
5809
5807
5811
5799
5795
5784
5799
5779
5778
5777
5768
5760
5754
5754
5753
5752
5752
5776
5750
5750
5747
5746
5746
5744
5741
5730
5736
5726
5727
5720
5719
5717
5729
5715
5712
5711
5746
5709
5707
5707
5704
5702
5701
5700
5695
5690
5689
5684
5694
5682
5680
5676
5676
5670
5669
5695
5668
5667
5667
5661
5667
5659
5663
5655
5651
5650
5648
5645
5643
5643
5642
5641
5639
5638
5637
5636
5642
5633
5633
5656
5620
5620
5618
5610
5610
5602
5602
5598
5598
5636
5593
5589
5587
5587
5585
5584
5583
5614
5582
5582
5581
5598
5580
5579
5576
5575
5574
5571
5570
5570
5569
5566
5561
5568
5557
5556
5554
5548
5552
5544
5544
5542
5541
5541
5540
5537
5537
5534
5537
5533
5526
5522
5519
5516
5504
5502
5501
5509
5497
5494
5494
5494
5509
5493
5492
5491
5489
5484
5483
5480
5475
5475
5494
5474
5473
5531
5469
5463
5460
5459
5454
5454
5453
5446
5445
5448
5444
5463
5443
5428
5442
5427
5425
5416
5426
5415
5414
5412
5411
5413
5407
5407
5404
5404
5393
5391
5391
5387
5383
5377
5377
5371
5366
5386
5365
5361
5363
5359
5358
5353
5361
5352
5352
5348
5347
5352
5346
5346
5343
5344
5342
5360
5340
5345
5339
5338
5379
5336
5768
5325
5323
5323
5323
5322
5320
5313
5660
5309
5308
5308
5307
5309
5306
5304
5302
5302
5300
5300
5299
5302
5298
5296
5292
5281
5292
5277
5276
5275
5275
5267
5264
5261
5260
5258
5284
5256
5255
5253
5267
5252
5252
5250
5252
5248
5233
5232
5219
5218
5218
5216
5216
5213
5215
5204
5201
5202
5198
5193
5191
5190
5189
5186
5185
5182
5181
5238
5179
5177
5173
5177
5171
5178
5168
5165
5161
5160
5159
5147
5147
5327
5146
5146
5140
5140
5139
5131
5127
5125
5140
5119
5119
5118
5116
5123
5115
5115
5107
5110
5103
5102
5106
5097
5097
5093
5090
5085
5087
5083
5082
5081
5081
5081
5078
5083
5074
5083
5072
5071
5073
5070
5067
5065
5059
5055
5083
5053
5052
5048
5045
5044
5043
5042
5040
5036
5045
5034
5046
5033
5033
5032
5032
5030
5032
5027
5039
5025
5016
5016
5011
5018
5008
5006
5006
5022
5005
5005
5003
5002
5000
4998
4996
5035
4994
4994
4992
4993
4989
4986
4983
4988
4980
4979
4975
4978
4972
4969
4968
4971
4967
4954
4953
4951
4951
4951
4948
4948
4945
4944
4944
4941
4940
4938
4931
4938
4920
4935
4917
4915
4912
4943
4909
4909
4907
4907
4908
4905
4904
4900
4897
4895
4895
4894
4891
4893
4888
4886
4886
4885
4883
4879
4881
4877
4877
6184
4875
4874
4853
4852
4850
4863
4849
4860
4846
4845
4839
4862
4838
4837
4833
4832
4830
4833
4827
4825
4817
4810
4809
4808
4806
4806
4857
4804
4800
4799
4797
4796
4788
4794
4787
4790
4782
4777
4777
4774
4777
4769
4769
4774
4766
4771
4765
4764
4763
4757
4747
4745
4742
4739
4728
4741
4727
4725
4722
4718
4717
4727
4713
4724
4712
4710
4706
4750
4705
4703
4696
4698
4691
4686
4699
4685
4696
4679
4674
4668
4664
4661
4661
4660
4665
4657
4656
4654
4652
4651
4655
4649
4649
4648
4743
4644
4633
4643
4632
4634
4631
4629
4629
4628
4628
4626
4638
4624
4619
4651
4618
4614
4612
4610
4606
4605
4603
4599
4618
4597
4597
4596
4593
4593
4594
4580
4579
4578
4575
4572
4563
4555
4578
4550
4544
4543
4542
4540
4581
4539
4538
4537
4537
4535
4532
4531
4539
4530
4529
4527
4525
4523
4531
4519
4508
4509
4507
4506
4499
4499
4514
4498
4493
4490
4481
4472
4471
4467
4462
4489
4460
4458
4453
4446
4441
4453
4440
4440
4439
4438
4429
4429
4426
4426
4423
4423
4420
4428
4418
4432
4412
4423
4410
4409
4404
4404
4400
4398
4394
4393
4400
4390
4387
4384
4385
4378
4377
4385
4373
4362
4364
4361
4364
4358
4358
4356
4355
4354
4350
4350
4348
4348
4352
4347
4346
4342
4341
4339
4325
4324
4315
4327
4314
4313
4312
4311
4306
4299
4304
4298
4297
4296
4321
4291
4290
4289
4291
4288
4288
4280
4277
4281
4274
4273
4273
4271
4268
4267
4266
4269
4263
4263
4262
4257
4345
4255
4249
4253
4247
4247
4240
4240
4231
4230
4221
4236
4218
4218
4216
4216
4214
4211
4204
4202
4211
4200
4357
4199
4198
4197
4190
4194
4187
4183
4186
4181
4178
4177
4177
4178
4176
4425
4175
4169
4168
4168
4166
4163
4160
4159
4157
4154
4148
4173
4145
4137
4132
4123
4145
4122
4126
4117
4113
4111
4124
4109
4107
4108
4101
4100
4139
4099
4097
4094
4097
4091
4087
4087
4084
4099
4078
4077
4146
4071
4070
4066
4064
4063
4062
4062
4056
4056
4055
4053
4057
4049
4048
4062
4045
4044
4041
4036
4055
4033
4032
4028
4026
4016
4016
4012
4151
4010
4007
4006
4005
4004
4002
3999
3998
3996
3994
4042
3993
3992
3980
3990
3978
3982
3976
3976
3986
3974
3972
3962
3966
3958
3950
3947
3946
3964
3945
3942
3944
3936
3935
3941
3932
3932
3924
3930
3923
4547
3921
3921
3915
3921
3908
3907
3902
3899
3895
3896
3893
3890
3889
3889
3914
3888
3887
3887
3896
3883
3883
3881
3880
3875
3875
3870
3875
3864
3852
3845
3863
3835
3835
3840
3834
3834
3833
3825
3827
3822
3825
3821
3818
3821
3817
3816
3815
3810
3809
3821
3805
3805
3803
3798
3798
3795
3794
3797
3790
3787
3780
3778
3777
3780
3775
3761
3758
3756
3762
3751
3747
3748
3744
3749
3742
3741
3741
3740
3739
3733
3732
3730
3726
3775
3724
3724
3723
3833
3721
3721
3711
3708
3716
3705
3703
3716
3702
3720
3699
3698
3698
3696
3692
3693
3690
3693
3686
3684
3683
3683
3682
3684
3681
3680
3680
3726
3678
3678
3677
3673
3671
3670
3677
3667
3664
3664
3663
3657
3653
3648
3648
3647
3646
3645
3644
3644
3643
3643
3642
3639
3639
3638
3767
3637
3629
3627
3628
3626
3629
3623
3623
3620
3620
3611
3616
3610
3609
3617
3608
3608
3605
3596
3596
3595
3592
3577
3576
3569
3566
3568
3565
3565
3562
3564
3560
3592
3558
3582
3556
3554
3549
3549
3546
3545
3544
3557
3531
3520
3522
3515
3514
3515
3507
3496
3522
3495
3494
3514
3493
3483
3481
3480
3472
3481
3470
3483
3469
3463
3462
3460
3458
3457
3456
3462
3455
3453
3451
3454
3450
3469
3442
3451
3441
3437
3435
3469
3433
3430
3427
3426
3428
3418
3418
3411
3409
3411
3408
3408
3400
3397
3396
3392
3389
3386
3385
3383
3410
3379
3403
3369
3366
3361
3359
3356
3354
3347
3342
3342
3338
3337
3332
3330
3329
3326
3323
3323
3323
3321
3309
3309
3309
3308
3306
3312
3305
3305
3303
3302
3320
3301
3300
3299
3299
3292
3291
3291
3291
3297
3290
3290
3289
3288
3290
3281
3280
3280
3280
3285
3276
3275
3275
3271
3271
3269
3289
3265
3265
3262
3299
3260
3259
3258
3257
3255
3252
3250
3249
3246
3244
3237
3236
3236
3234
3234
3270
3228
3225
3222
3216
3217
3212
3214
3210
3207
3206
3202
3206
3201
3196
3199
3194
3191
3190
3188
3187
3187
3187
3184
3256
3180
3172
3171
3166
3165
3164
3169
3154
3171
3145
3145
3169
3143
3141
3142
3135
3135
3132
3131
3526
3129
3127
3126
3125
3124
3122
3119
3119
3117
3117
3115
3108
3104
3103
3091
3090
3084
3081
3103
3078
3076
3077
3069
3065
3056
3056
3056
3055
3055
3051
3055
3045
3042
3039
3039
3038
3036
3020
3019
3017
3017
3016
3013
3033
3011
3008
3004
3004
3058
3002
3002
3002
3002
2996
2992
2993
2990
2983
2988
2982
2978
2977
2990
2974
2973
2971
2971
2969
3000
2965
2965
3222
2963
2962
2961
2954
2953
2949
2952
2947
2947
2944
2939
2935
2942
2928
2947
2927
2924
2926
2920
2920
2918
2915
2913
2920
2912
2920
2910
2908
2905
2908
2899
2899
2898
3165
2897
2895
2895
2893
2889
2882
2881
2868
2891
2861
2860
2859
2857
2881
2855
2854
2850
2870
2849
2848
2844
2841
2837
2836
2833
2830
2836
2829
2826
2820
2883
2819
2819
2819
2817
2816
2810
2808
2803
2802
2801
2801
2795
2799
2791
2791
2790
2801
2788
2787
2787
2786
2788
2783
2777
2777
2778
2771
2768
2768
2787
2766
2766
2764
2765
2758
2803
2757
2756
2752
2749
2749
2748
2748
2745
2747
2744
2742
2743
2737
2737
2739
2731
2730
2727
2725
2723
2723
2721
2720
2720
2721
2719
2777
2716
2716
2713
2712
2710
2708
2708
2705
2709
2704
2704
2703
2702
2706
2700
2699
2699
2695
4643
2694
2693
2689
2688
2689
2687
2687
2683
2682
2682
2680
2680
2681
2676
2676
2670
3947
2667
2667
2664
2663
2661
2658
2656
2653
2657
2652
2645
2650
2644
2644
2642
2644
2641
2641
2639
2638
2637
2648
2636
2634
2631
2630
2630
2630
2629
2627
2634
2626
2622
2618
2619
2609
2607
2600
2606
2599
2598
2597
2597
2596
2594
2592
2604
2590
2590
2588
2583
2583
2582
2585
2573
2572
2569
2593
2568
2604
2567
2566
2566
2565
2564
2565
2563
2563
2561
2563
2558
2558
2557
2557
2549
2547
2543
2541
2542
2536
2535
2528
2527
2563
2526
2523
2523
2540
2522
2514
2513
2512
2511
2509
2510
2505
2505
2504
2503
2503
2501
2494
2494
2487
2493
2483
2482
2481
2480
2479
2478
2485
2476
2475
2474
2470
2470
2476
2469
2469
2469
2468
2464
2460
2460
2470
2459
2459
2458
2453
2455
2451
2451
2451
2444
2445
2442
2443
2441
2439
2438
2436
2435
2435
2430
2429
2429
2428
2421
2418
2431
2416
2416
2416
2416
2412
2418
2411
2411
2409
2407
2406
2407
2405
2402
2401
2397
2402
2394
2394
2392
2392
2406
2389
2389
2386
2399
2384
2379
2378
2378
2376
2375
2378
2373
2372
2372
2369
2365
2357
2362
2352
2429
2350
2349
2348
2345
2345
2344
2341
2340
2340
2342
2339
2344
2336
2336
2335
2333
2332
2327
2323
2343
2317
2317
2316
2316
2310
2308
2305
2308
2303
2303
2299
2293
2292
2291
2289
2290
2285
2285
2283
2283
2281
2283
2280
2273
2278
2270
2270
2268
2265
2267
2264
2264
2264
2259
2264
2258
2256
2254
2252
2257
2248
2246
2244
2226
2224
2242
2223
2227
2222
2221
2222
2220
2220
2235
2218
2214
2208
2211
2201
2199
2198
2198
2196
2196
2244
2193
2193
2193
2192
2192
2190
2193
2187
2185
2179
2183
2178
2177
2176
2176
2183
2174
2172
2182
2170
2169
2162
2160
2160
2166
2159
2159
2158
2156
2155
2155
2154
2150
2147
2147
2146
2144
2141
2138
2137
2154
2133
2132
2129
2120
2127
2114
2118
2109
2101
2098
2117
2096
2094
2093
2110
2092
2092
2117
2091
2082
2084
2081
2080
2080
2079
2076
2074
2073
2072
2080
2070
2068
2067
2066
2145
2065
2064
2064
2060
2053
2048
2050
2044
2044
2060
2043
2039
2040
2038
2038
2036
2036
2035
2256
2034
2034
2033
2029
2028
2027
2027
2029
2024
2024
2020
2019
2014
2010
2013
2009
2007
2017
2005
2004
2002
2002
2002
1998
1994
1994
1987
1987
1995
1985
1985
1985
1990
1984
1983
1982
1982
1982
1981
1978
1976
1976
1976
1979
1975
1974
1968
1968
1966
1964
1962
1962
1960
1955
1965
1953
1953
1948
1943
1947
1939
1939
1939
1934
1931
1930
1953
1928
1927
1927
1923
1923
1920
1919
1917
1914
1907
1907
1910
1906
1903
1904
1900
1899
1898
1897
1899
1895
1894
1896
1893
1889
1888
2011
1887
1887
1883
1882
1879
1878
1876
1874
1870
1869
1862
1866
1855
1855
1847
1843
1841
1841
1841
1842
1838
1834
1832
1831
1829
1829
1828
1830
1827
1845
1826
1826
1825
1823
1822
1821
1819
1819
1816
1816
1850
1815
1808
1815
1805
1805
1805
1810
1803
1802
1798
1796
1801
1795
1792
1792
1791
1780
1779
1771
1770
1768
1765
1762
1804
1756
1754
1815
1753
1753
1752
1749
1749
1747
1745
1747
1735
1741
1732
1731
1728
1728
1727
1732
1724
1724
1723
1721
1719
1717
1723
1711
1710
1709
1711
1708
1706
1705
1718
1699
1697
1696
1695
1692
1686
1684
1682
1683
1681
1682
1676
1675
1671
1675
1666
1666
1666
1663
1659
1657
1655
1653
1652
1657
1651
1651
1649
1649
1648
1651
1647
1645
1646
1644
1643
1641
1644
1637
1637
1634
1632
1687
1627
1627
1627
1619
1622
1618
1615
1611
1623
1609
1609
1609
1608
1622
1604
1604
1627
1603
1602
1600
1596
1595
1594
1593
2017
1591
1590
1585
1584
1584
1584
1582
1588
1581
1580
1576
1574
1574
1574
1574
1572
1571
1576
1569
1569
1569
1569
1568
1568
1560
1561
1559
1560
1558
1558
1553
1552
1557
1551
1566
1550
1548
1543
1543
1543
1541
1538
1539
1533
1531
1530
1532
1524
1523
3503
1521
1520
1521
1519
1514
1510
1517
1509
1508
1505
1505
1505
1500
1500
1499
1497
1494
1490
1486
1502
1485
1485
1479
1480
1478
1470
1470
1468
1477
1465
1465
1462
1460
1461
1459
1456
1454
1457
1452
1451
1452
1449
1447
1446
1444
1440
1439
1438
1438
1447
1437
1436
1435
1432
1435
1429
1424
1447
1423
1421
1420
1422
1417
1416
1415
1412
1411
1410
1406
1403
1402
1401
1404
1400
1392
1392
1398
1391
1391
1385
1384
1383
1379
1376
1375
1370
1366
1365
1364
1361
1375
1360
1360
1355
1353
1346
1346
1340
1339
1353
1338
1351
1336
1334
1343
1333
1330
1330
1329
1325
1330
1324
1317
1324
1316
1316
1313
1321
1312
1312
1311
1310
1303
1322
1298
1298
1298
1297
1297
1297
1296
1320
1291
1291
1290
1287
1283
1280
1286
1279
1273
1270
1270
1269
1269
1266
1277
1263
1261
1261
1259
1397
1258
1258
1252
1252
1249
1249
1251
1248
1245
1247
1244
1243
1242
1242
1230
1227
1225
1224
1221
1219
1217
1214
1234
1213
1210
1208
1205
1216
1204
1198
1200
1196
1192
1191
1194
1190
1190
1185
1183
1184
1180
1173
1183
1171
1170
1171
1169
1169
1167
1171
1166
1164
1164
1194
1161
1161
1158
1197
1156
1155
1152
1150
1149
1147
1146
1144
1141
1141
1138
1138
1128
1140
1125
1127
1122
1122
1121
1125
1118
1118
1116
1106
1106
1114
1101
1101
1105
1099
1098
1096
1098
1094
1093
1116
1087
1086
1084
1083
1084
1080
1118
1077
1074
1076
1073
1072
1071
1065
1062
1061
1061
1064
1060
1059
1056
1051
1049
1048
1045
1192
1044
1043
1040
1034
1031
1031
1028
1028
1024
1022
1033
1021
1020
1019
1033
1018
1010
1013
1006
1002
1001
1015
996
996
995
993
992
991
990
992
988
993
985
985
983
985
982
981
981
980
979
978
971
977
970
997
969
966
968
956
962
955
952
947
964
946
945
943
938
936
933
928
913
932
912
912
922
911
903
901
901
895
894
898
892
892
985
891
891
889
890
887
888
884
881
877
877
875
883
874
873
864
861
872
859
859
880
857
854
856
853
852
853
851
852
849
849
848
847
839
838
841
837
835
834
833
830
829
829
837
828
828
826
991
824
824
823
821
822
819
818
816
808
807
807
811
805
805
803
803
801
801
801
799
796
796
794
793
798
791
791
789
787
785
784
783
791
780
777
777
805
776
773
770
769
764
764
824
763
760
760
760
758
755
754
751
750
749
744
744
758
741
753
739
737
736
1001
735
734
733
732
730
726
731
724
724
722
720
720
719
717
717
717
729
716
715
713
712
710
710
709
708
715
707
707
706
705
704
703
704
700
700
699
698
699
696
694
694
690
689
688
684
681
690
678
677
676
675
685
673
673
673
669
664
669
663
662
662
662
668
657
655
671
651
649
649
921
647
645
643
641
645
639
639
637
637
644
636
634
632
630
628
630
627
627
688
626
620
617
617
616
613
625
612
611
608
607
606
606
603
602
600
602
597
597
596
601
595
597
594
592
589
589
585
585
585
584
579
620
575
575
575
575
575
570
569
569
566
563
562
561
560
560
559
556
559
554
554
551
559
550
550
542
542
546
536
536
535
541
529
525
524
523
523
519
522
518
518
512
542
509
509
508
507
508
501
501
501
498
499
493
485
492
480
491
479
485
476
475
476
474
474
468
468
475
467
466
466
462
459
446
445
444
444
443
445
442
438
441
436
436
455
435
446
434
431
431
434
430
425
418
425
413
413
412
411
422
410
410
415
409
404
405
399
397
396
395
394
394
392
391
391
392
390
388
481
387
386
384
382
381
378
377
378
375
521
374
372
371
366
370
365
365
364
364
359
359
359
357
356
357
354
352
352
353
350
348
352
347
346
357
345
344
343
343
341
341
350
335
335
334
334
332
330
328
329
327
326
320
325
319
319
313
310
347
309
308
305
303
299
303
294
300
292
290
288
286
285
284
278
276
285
265
265
263
261
265
256
254
252
252
256
251
250
247
246
252
245
249
242
242
239
237
237
236
241
233
221
219
224
216
213
213
208
207
245
205
199
198
198
198
198
205
197
196
196
195
191
194
186
193
185
196
184
181
177
176
174
174
175
171
171
171
204
169
167
168
161
161
157
158
152
152
167
151
147
146
143
150
141
140
138
137
136
136
133
133
132
132
130
128
136
126
125
130
122
122
121
121
120
122
118
307
117
114
111
111
106
104
103
102
102
98
106
95
95
94
90
91
88
87
92
84
91
83
82
80
80
78
78
74
73
68
66
65
63
61
56
61
55
55
52
305
51
51
47
44
38
47
37
37
32
32
43
27
25
25
25
23
27
22
20
15
10
10
9
7
4
3
24
2
2
