1896
6748
2506
9342
664
4044
5288
7979
5922
122
6661
6317
4603
665
9736
931
5213
2045
6919
6603
8249
9517
5626
9882
9408
7416
3442
5120
7044
3020
1754
5787
8522
9877
2573
2747
6051
5668
1416
6134
6443
7456
4353
4652
7089
5105
4857
6798
6617
5082
78
3354
9566
4374
4067
7370
7580
567
9700
1406
4108
2267
661
1207
1297
1472
8651
2646
7748
1610
2701
644
9659
5442
9595
4147
1279
3344
2464
9077
8237
8477
5748
7356
2637
1314
3157
6065
5442
5782
8056
8232
9681
4534
7642
7604
5541
8229
3932
1047
690
8022
4414
3885
4937
775
9866
2250
3020
5409
677
3297
3379
2205
3890
5223
4109
2425
4824
8375
6730
8347
3604
4038
3865
6630
3858
9690
5310
1707
6840
6407
7703
5697
2371
1066
4846
104
2343
8394
9441
3194
6465
587
6849
2803
5855
20
216
1667
4306
4004
8382
1809
8370
9249
189
1074
1011
5009
3396
650
2728
9164
8425
7299
8469
7457
8995
3868
1129
5689
3862
1539
9035
4905
4960
5062
8227
6796
6772
3174
7389
9328
1605
3502
3002
5199
693
2259
9656
3937
4094
364
8339
3440
3153
8435
2379
3932
189
6300
4488
4768
9187
4389
9211
8581
7224
4799
6215
1509
3018
1261
400
2483
9110
4554
8915
7977
9145
9216
2582
2450
3205
2710
2881
5337
4535
6586
2621
6961
2743
9887
3148
1639
672
5864
58
5701
192
8854
7490
2105
546
6574
8516
9973
9578
1583
6149
7351
3360
5618
1431
6588
2498
2275
2491
7409
339
1103
2724
3082
2472
8142
4766
5367
4228
7491
9023
7027
6386
7858
3884
1278
6067
2705
9151
1134
7657
2226
1672
7842
6276
5312
5618
7991
2474
200
4696
1422
3452
7051
2295
1662
3927
5601
5621
390
5352
9903
3026
614
7060
5163
9694
2638
3111
7888
1339
902
7803
7918
2149
7648
1483
4019
3407
3899
680
352
5024
8362
1884
5829
1486
437
397
591
2761
5901
7428
3907
603
1813
7743
6219
7839
1776
4164
4992
9120
1510
7671
1112
1171
1419
9390
403
8071
1617
5091
5921
4859
2892
8761
9014
6530
4438
1138
6928
6323
309
8960
488
835
2650
7163
1959
6471
7964
2995
1532
2612
9092
3655
2523
9258
1321
1061
9463
8961
4047
722
1123
818
7196
6796
8358
8665
7067
7982
4989
1674
5701
8036
6966
578
9676
1088
8810
7902
5225
4028
5193
5250
8777
6417
6653
3859
4900
2679
9144
8741
4159
1326
2895
909
1602
2125
1948
7982
1787
4889
3406
3878
1684
3400
6372
2766
5043
5717
2522
8605
1265
9575
8306
8239
2366
9822
9030
9349
7219
2782
9261
7852
519
1087
269
5602
3958
4931
816
5110
430
1162
1834
9392
6012
6147
842
881
967
9828
9871
7516
5771
1531
5069
6100
1722
4774
671
9800
2557
2256
7039
2813
65
6765
2228
9531
5792
1592
636
8459
9356
6538
8186
4367
8420
2494
9921
1714
800
7091
354
7729
2111
6914
9858
2202
3236
8144
1920
3444
8876
7110
7109
688
1491
8319
7085
1487
5080
8066
4485
5284
6062
2257
4166
9115
628
1009
561
2601
2423
987
2795
2038
1174
7858
1690
2153
9974
5542
8608
5442
3351
6776
1512
9086
7399
7215
8639
5494
4550
9898
7318
617
8106
1063
8037
6412
804
5380
9889
6959
7618
3732
1505
1858
1990
4388
6989
407
9527
4078
7592
650
5142
1965
8624
1694
452
883
7251
6969
7842
3288
1493
35
1417
4436
5247
427
3564
9950
8602
3211
9930
3509
7356
2141
5576
6112
6818
9198
5086
2369
9519
850
7089
9583
5300
2744
6146
8260
6001
8255
6116
9556
4010
729
6451
2591
6109
559
2740
3113
5875
1398
1271
8
3942
5392
2164
525
4114
6837
8213
9463
526
1988
1248
3348
7501
7013
2809
2554
7296
1393
8677
9605
4814
2132
7569
7249
3655
2065
8612
2219
9989
3798
4690
4419
4180
418
3971
3013
4756
4949
2227
6984
6077
9703
4427
7637
8594
5356
4369
2940
9032
2581
2347
7764
2953
6986
889
8866
4708
8199
8980
3133
6632
1541
2225
3903
9249
6347
6891
3006
9265
165
9888
9755
4355
6563
4346
3642
6588
3637
4818
7332
2899
485
4864
2410
4882
6885
6437
3866
7117
3612
7020
7911
8899
9067
2590
7124
5811
308
3270
8897
33
7965
180
1337
104
2065
710
8747
4130
9336
9284
2376
1606
7929
8714
2572
1698
8429
4299
8481
6985
2645
3428
960
1758
5822
6256
1481
7090
6356
202
358
6859
4373
1527
4026
9093
5400
9669
4383
6813
2174
4655
8993
6124
1895
67
5173
1904
4296
1861
6607
4209
3804
8117
6274
5891
104
7598
8648
103
9939
1233
7716
6951
5958
1346
7158
9810
4385
9360
9872
9332
3486
8955
1303
1210
9065
7073
3948
4181
7712
410
1947
9709
5288
9141
1267
2775
7984
8290
3495
4586
3434
3585
1957
4926
2599
3723
501
70
7602
8832
2420
3792
2384
5808
3234
7115
5815
4334
3288
6312
2444
8530
8638
2660
2225
4846
7404
5141
1615
5603
5167
6834
7216
6468
5343
7272
7489
4507
863
1482
6725
7419
1588
2473
5757
3367
9145
6181
2679
5665
7170
3490
1109
7637
624
6031
3904
7254
2341
2051
3692
6873
1544
4168
4749
1073
6331
7884
1594
3451
8251
2838
1426
9835
2056
3990
2108
918
2134
7936
9891
1330
226
8315
4098
4746
9513
3813
4844
4839
550
7209
223
572
6474
2163
4730
2272
5729
8067
7500
4833
9714
7793
2767
1079
855
2672
4950
582
5103
4005
9074
6345
9440
794
9579
2475
9488
8254
5421
5287
1622
32
2225
9700
8077
7420
2782
1385
1161
6533
31
4071
2732
5491
1510
4294
2907
4718
1105
4544
1389
1500
7085
3870
4148
5576
4568
7967
5167
2628
1244
8272
3038
9040
5096
5625
3208
331
1457
7252
9210
1096
7321
1107
7361
3333
2574
146
5482
969
3479
7819
8599
1324
2171
1817
1573
1948
6626
2271
2668
6765
4847
7145
7399
4624
6479
2547
7460
9543
4699
6857
4973
2519
9124
9791
8553
5279
576
210
3741
2440
2751
3790
311
9870
2276
82
8524
6607
3856
6497
2384
3217
2929
10
6886
5656
91
7498
7929
4728
1685
1936
2507
3432
4664
5729
1067
3544
2595
814
2428
2020
2914
3139
4371
90
9504
9473
2465
8120
7675
1822
7907
1097
9111
3115
1574
1810
2966
3110
7679
2119
8518
673
9914
6644
2011
1203
8400
8601
8799
1966
6943
5
4039
7681
4597
3190
8424
2782
5980
768
2810
5022
7101
541
6715
2996
9422
4003
2679
9311
1277
7900
9927
7700
5954
4066
5319
252
7248
4713
124
2890
2269
4098
1206
6527
6307
4173
7763
2017
1237
2398
4533
8474
6565
7172
5988
4333
7973
3958
7350
7166
7565
7582
3102
2402
1741
555
979
5284
1347
7169
8899
2026
1279
3876
5576
1623
3557
3525
409
8403
5523
6572
8660
4616
8868
3174
1339
9326
9892
1873
1180
7801
5813
7702
7701
2305
6273
2838
7000
4307
401
2281
1611
9798
1965
9090
1620
6048
1909
8295
4483
4074
4016
5951
7088
1489
3618
8989
9638
1087
5731
9820
6144
2410
5102
283
2004
7994
8135
7820
9165
5393
8385
7384
2749
7542
1903
1365
4354
4642
2889
3786
6728
1455
7010
6145
2256
9966
3623
8846
6384
7480
1162
8976
298
3319
4944
3910
6753
2662
6567
8740
1034
2214
9709
8070
9888
1346
9325
5268
2106
6149
2299
9094
3584
1115
7154
4634
7148
3750
3195
5236
5070
7282
8673
6229
5011
154
9123
2655
6854
7020
7625
7319
7783
8506
5819
6492
8604
979
2047
1704
3749
6610
4673
6037
3956
5605
9447
769
829
2144
917
1669
586
6787
4175
338
6658
5370
2926
9917
6907
995
789
1613
2365
3605
6900
7522
8633
959
8540
7288
4234
431
7748
8525
8139
2228
2315
9615
7369
4518
3039
2681
1979
436
8701
4704
463
9790
378
9049
5670
8197
2354
2621
5507
2447
1872
5359
1104
9488
9629
4973
3522
9317
9067
422
6125
6434
5460
2572
2459
5839
1151
3833
761
190
7332
134
2195
1536
1471
2730
1601
4217
9274
7680
9553
7265
8390
9692
5144
1212
5722
655
419
3340
9376
457
2067
5654
7547
1215
9560
3907
4510
4477
5373
4455
4105
7613
932
2631
7701
1897
83
1094
851
2605
9088
4193
5615
1233
5737
8301
7883
7637
1511
2637
921
1773
9812
2072
4056
4528
9914
9353
9412
9452
8414
5321
4343
1692
765
4091
2068
8509
3429
86
1510
9549
311
1129
1444
7252
5868
8297
2295
5560
9462
5710
4687
9612
136
6015
2819
6136
3608
1179
5352
159
2180
6859
9557
8172
7395
3604
6308
5551
878
8896
8026
839
1662
7103
2507
512
7144
9034
1960
7007
7478
8361
3162
235
743
2565
2324
4303
1275
144
6100
3485
3127
2356
8074
9189
4304
3386
892
4262
8598
7212
5065
3444
430
1213
9708
2027
869
9255
8836
1971
9313
1988
7570
2628
1802
6017
6178
4700
4090
6449
6926
111
7408
4318
6111
4286
8283
4021
565
9675
9685
3938
9641
1740
9982
5385
7153
4910
811
9688
3396
5083
2031
6361
7871
5103
6568
7116
4807
7640
3773
9284
3535
7276
8103
6160
5004
416
6669
6157
503
614
4164
8890
6659
1974
3158
9917
3216
2224
9363
7508
2304
80
6006
5775
5528
1460
1834
284
9289
842
892
1746
4207
9405
7986
1586
8441
9170
108
6042
5690
1390
1754
9405
3375
570
4415
2400
2243
826
8612
1877
9040
6410
2160
5661
742
2058
247
7466
8592
9435
8256
1459
7653
5786
8459
2444
5229
9549
2562
2757
1542
7340
9104
6497
2165
8594
1520
8794
2848
1363
3111
5634
507
5392
7492
1517
9681
2745
9687
4286
5734
7651
3056
4416
1323
8426
8921
2566
2066
5192
8535
8212
514
359
7020
399
4989
1747
17
5122
2384
5508
1571
3603
426
2987
4011
1670
8321
394
6658
2817
2690
5433
1956
2207
2471
3126
165
536
7998
7148
3073
2688
3799
7832
3240
7791
9998
5912
5995
242
1402
420
4096
7057
3173
2562
2572
48
302
8437
129
9881
9947
9061
6005
6489
8786
3941
9909
314
7194
1105
74
8226
8557
934
7964
7338
2161
8839
1620
1377
7496
9820
8790
9250
2708
2126
1807
643
6303
3025
8763
3215
6954
7761
8490
1751
6692
1488
2803
6148
3406
7390
5674
3537
684
9098
2783
4150
8798
2920
2375
5815
4224
5684
2382
4351
8111
7094
3660
5815
8509
2407
2616
2540
2743
2626
8779
8080
2421
4638
3191
3199
6577
6507
7623
4628
3116
8315
1752
2557
7885
724
1513
909
2187
3779
8527
1280
9118
7523
6156
5220
9536
2014
1441
9559
3162
4931
2321
8395
9868
7752
2344
1377
701
834
1451
341
1988
7299
322
3334
9750
9459
1140
5145
6881
5362
6113
8174
2280
3644
5094
9651
1808
2143
1917
6887
3018
7817
6803
8450
2739
4518
8462
1507
7656
152
3230
2347
4942
1319
3634
2008
7072
8204
2831
4308
9146
5480
5421
6847
4806
4794
9587
7194
8181
273
420
1894
3937
1839
1529
9596
5168
4111
1137
1934
7211
1656
2342
7917
1120
6673
6530
2253
3188
1752
8082
9782
253
5742
3658
1101
6256
3253
9289
1538
1318
8749
7487
5627
9893
2187
6348
481
1100
9499
730
1912
1486
7176
7021
7157
5635
7913
8010
5260
1019
8462
2326
8552
2980
7707
4960
1182
8542
404
7170
6436
7085
9867
7812
3885
2751
4229
1650
888
4911
1907
7920
9915
4953
416
4970
5770
7870
614
4000
5901
1370
9639
914
4896
1605
2264
3160
6556
1463
5040
2278
6774
80
9714
1326
3382
9495
2438
5606
667
5248
6351
4155
9166
9971
793
8278
6756
411
6913
126
8264
4636
3994
3134
1464
9145
8557
1785
5902
2709
8896
1435
1970
6408
8170
2114
5581
2228
4230
5229
9729
9497
8870
9507
1032
1253
1291
1272
4251
5648
1666
1707
8421
9096
4880
8195
6502
7352
6753
219
4347
4014
2813
4779
2574
3677
6141
5658
5626
8176
8892
8081
9123
6544
993
9281
7171
1400
3373
9896
2455
3638
3520
9920
3356
917
4752
4776
2788
6713
8045
8615
9005
3307
2270
5758
9204
998
16
2669
645
4145
3121
5033
7191
1246
3576
4637
7382
5361
4839
5102
5632
1477
7683
3939
4805
5852
4548
7637
9768
1990
4648
8516
667
8100
5692
5594
2538
7917
5518
5252
6983
7600
5485
1965
7878
2731
2962
7501
3449
443
3667
1155
3647
7765
2084
9870
952
7541
8769
4851
5884
3909
9803
2858
4877
8257
607
1593
1626
1016
1085
7973
1894
8357
262
9142
7960
3326
6519
5659
1908
7373
2470
8398
4730
1534
8443
2441
1965
1976
4865
7801
711
1935
5005
5345
5323
1529
1950
4370
8347
8384
8949
6794
155
8583
5303
6299
9814
2401
2640
9358
7439
926
4043
7719
4410
4391
2271
4379
8925
3036
7692
8415
2193
7036
5543
2770
5981
789
4834
5086
7413
1309
5135
7371
7454
1104
1398
4789
3110
8058
3509
5775
6706
6535
7512
7783
3816
5609
7337
7036
4894
4187
1209
6397
34
1684
496
7156
1739
1261
9010
8212
3600
5350
3923
7822
7000
5558
9516
3738
8657
8834
2333
9012
1125
1984
485
3333
9674
1500
1201
1460
4921
9547
2321
300
5074
7086
4433
7456
9469
6057
3335
3228
2820
4805
616
2125
143
5010
6960
5588
4560
5841
7809
103
257
177
4139
2425
3242
7112
4142
1164
7735
2821
7036
1987
985
420
5714
4012
2492
641
9608
3998
5513
2704
4311
2256
5757
9340
1210
6091
7290
623
2425
4240
1180
4674
2594
6428
2446
3461
8536
8283
4046
8369
4305
5563
1503
364
954
5171
574
2829
7038
9395
487
3584
6823
1581
6392
9084
7156
8773
6150
8995
2459
1846
1887
314
145
1717
2512
3066
9480
4649
1016
4598
4952
9515
8732
2639
562
2362
8236
1092
1168
8834
9382
7949
2065
3166
1050
4361
4324
3244
7742
5511
5218
1969
5123
898
4657
748
5959
2721
8630
7327
2252
8878
7211
4571
2072
7860
5969
7787
911
3487
6023
7812
9439
575
6668
4235
714
3181
9650
2423
9801
3457
724
3353
7310
7043
9705
2058
6443
9648
3129
6468
577
2623
1183
307
2060
9221
9632
2269
1549
3190
1963
2367
5192
2205
3825
1706
2816
8670
1943
7007
127
4858
1098
4439
6858
4482
738
4726
3219
880
6682
2992
6337
2370
2686
4076
6526
5880
2262
6328
1248
4033
2291
1853
2314
7856
2216
9429
6771
9077
7419
3771
6584
6009
1179
594
8621
6842
3379
2840
73
3880
8480
6443
2483
8079
8336
9309
6136
2966
5596
7412
5855
6663
6648
6166
3774
5745
1544
8179
8445
2234
5237
35
939
6408
9600
1346
6673
7330
5125
2104
1924
3154
1508
6062
2255
3758
5997
7214
9920
2647
5162
9898
433
9618
385
1280
8138
8358
841
5661
149
3860
8125
6431
3955
2589
8784
5919
1533
9809
8112
5999
988
1940
9773
8016
5341
4070
2636
7848
9744
7523
7511
7858
960
9320
7959
5413
9576
9687
1861
6506
643
7565
7293
1368
3061
1522
6644
7698
5704
496
4651
1316
7850
6679
1076
8170
5109
8801
7093
3506
4766
7234
7451
9522
3699
9010
6769
3933
2319
4158
145
5042
8975
9307
7514
4869
218
9981
4883
2531
8140
5191
1695
2624
5924
851
5937
3779
6911
85
3921
8100
2516
7387
816
52
5826
5352
6088
1678
3430
8769
2264
9757
6802
7399
2047
9199
5754
7943
8998
424
4240
3118
835
6105
1459
3904
1435
7331
5315
2411
4008
3319
8889
7863
9995
1535
965
1826
7060
9570
8343
953
272
3300
3298
5273
482
2700
61
6887
9973
8315
1388
3084
8304
186
767
4022
1211
9938
1338
923
8417
4161
1541
8975
103
1292
4724
5335
3772
4608
9785
2414
8321
6318
6856
4249
9819
7031
9132
9799
9815
7299
3416
9019
509
2136
8529
6428
6088
7945
7978
3116
8389
8941
9263
840
42
2498
1927
2368
2185
1569
1620
8056
516
5315
9548
766
3
7157
4557
2861
9860
936
3372
2737
8499
7005
9487
4011
8987
6319
9148
1608
1499
976
913
9549
2508
8025
3846
8997
8434
5772
2240
2591
289
9260
5431
849
7314
3056
5226
9298
1398
2483
3521
2871
7962
8688
1219
9468
8315
5260
3513
5829
8268
7972
6482
9925
1222
5977
969
4718
7760
4153
1173
1162
9327
4048
7775
5643
975
6319
8393
8302
2274
1051
2573
1477
6457
3321
2435
1460
6273
9129
6183
4172
6624
7104
7722
2759
2624
3083
5768
1379
5578
3120
5243
3187
2039
2503
766
9713
4851
3546
1380
569
1363
985
1225
194
7256
5889
6377
7390
6085
6445
4256
9077
830
9933
290
8652
8017
5766
8860
5948
4713
698
9642
6816
464
4378
8874
1678
4677
185
9873
8298
8559
6323
1085
8552
2737
4686
1883
6161
1998
5424
8506
871
3630
257
1600
5868
5890
7378
1147
2208
2628
2686
9626
1706
1059
6352
1949
809
6366
6693
9626
4122
4782
2500
8514
8429
2681
8555
627
5412
980
6747
6159
5004
6873
7958
8509
5247
6826
968
4447
2904
8660
965
6051
6248
9607
2033
2894
5961
469
9606
9222
482
6441
1873
9086
6826
1515
1341
2648
4288
7633
6949
1958
9274
4279
8996
4097
5292
1362
3743
2558
2060
2321
2421
9838
4804
2917
4726
9988
9415
2179
6002
77
8552
2040
2035
2059
5863
1068
4046
8050
5133
970
566
1559
2138
5279
1570
8117
1549
2129
9839
8498
4356
530
2793
273
6004
8821
1894
3497
267
6864
9043
1975
2708
7266
6435
1439
2780
583
4373
9769
99
9338
758
9834
8868
5642
8264
7615
5528
4480
5857
6193
2359
4848
1126
9478
7217
638
5161
1204
5501
8995
9664
1996
1600
9904
3753
2148
7168
3938
1643
3573
4537
9335
3150
870
5392
6847
1134
2473
246
7559
7020
7093
8223
5938
8710
6867
1779
8249
4151
3501
4453
5989
2114
2820
2610
5993
6827
3857
6508
6885
8487
830
2536
4121
3061
741
7221
6711
9389
8169
223
1533
3784
9093
6450
2945
1215
226
66
2557
4345
3836
7114
4365
3952
5495
4628
7062
8195
2686
633
890
9777
2972
2457
9577
4436
1967
524
5994
8940
5785
5946
362
7998
3769
4969
8580
6556
2937
5653
2723
6454
3801
7525
6356
6050
5597
2508
1198
1784
8434
7260
982
2001
2567
5858
5375
3682
7978
3822
95
7315
3696
2177
3496
1205
7448
1292
1268
1490
8450
3622
8930
2583
9740
5918
7761
7056
9838
5378
282
6755
8423
3696
7908
2192
3943
4107
4978
6903
2495
7985
3519
2586
1413
4106
4172
4645
7372
5283
1305
6091
276
555
2387
4531
4446
2109
93
1699
2226
8336
6146
3659
884
5132
4281
5157
5333
9006
2874
1595
150
9005
6481
602
2978
9502
6657
3718
8300
4693
858
2671
5831
9005
8093
1026
7157
8266
6735
5250
7906
7981
9949
2744
6033
1879
128
1784
5031
3857
9041
4951
7559
7996
1070
1594
3566
3797
6237
7985
8672
2395
5040
7924
1523
5796
6537
7724
9098
1676
5712
3525
6548
9648
3876
5650
535
6602
111
6274
1398
6238
7244
1090
5019
6724
4013
9731
8417
2230
6456
9469
609
845
834
788
3199
3720
7535
9978
7942
3053
5224
1189
6194
7410
1134
2018
268
9853
3534
602
1163
9691
5046
6596
344
1007
9447
9100
5603
475
7419
7123
3749
8691
5401
9046
5701
9840
3622
7299
7807
4387
5342
7913
482
6843
7652
2879
3097
1768
9878
2824
1116
6496
8261
6678
9496
83
6147
493
8796
4010
1950
4057
1413
5861
5004
1027
7773
4421
1127
6127
7567
1095
6315
6681
350
5026
1453
658
566
5907
495
1541
883
439
3729
6239
3185
8
298
1854
1732
8748
4968
313
6137
5707
6084
2833
2685
1999
7401
2599
4236
3712
262
6558
5100
2241
3282
8545
3436
2645
4144
5896
8455
4039
9315
2647
8573
3032
5492
600
9283
4873
1345
8395
9674
1164
2488
2186
7614
3078
3589
7010
5120
2360
3944
7151
4102
8574
3211
54
1681
247
6994
1113
9119
1319
1139
1895
9267
5449
4424
5762
8082
1305
2515
2197
7454
3057
9937
6278
4264
5202
6322
9352
8434
2277
7065
5844
5091
1778
1263
2233
4494
6562
7084
193
6533
5040
4648
5206
3626
1445
5503
1381
5895
5700
932
5313
9663
7330
4327
9452
2708
6346
8793
6546
1609
2129
8431
6102
3099
2181
9558
752
7516
5627
5399
4983
4416
6698
8011
5196
924
322
6240
7575
3323
7217
76
8263
163
2279
657
2756
3080
1528
9682
2438
4063
1858
7029
7467
1526
5007
169
5445
8370
2765
2026
9571
4856
6525
3187
6946
5184
6505
1556
5010
6567
3753
8916
8493
7572
1319
2408
1622
1117
1730
1460
7807
8891
4832
6481
4494
1068
8056
7264
1376
8359
9487
4462
9661
4469
1792
3161
6927
4110
9537
3778
7662
6353
4708
5747
381
1417
2988
1091
9259
5388
6673
392
7586
1173
6773
5052
5044
6325
5095
7731
7767
773
1352
379
5966
1007
7437
9173
1307
7390
1316
9875
2817
7315
8218
4355
7999
5977
940
2235
6650
59
7581
5461
9177
9669
1287
5645
5831
6425
3093
2248
8004
5347
113
6552
8045
5054
5434
9022
5950
8392
1624
1455
5541
8611
5619
9545
6809
6446
6720
7703
3627
6596
9949
4980
6907
659
1568
4109
8574
6096
1594
2522
2398
1033
1570
9934
3235
7258
2032
8764
881
5236
2598
301
9746
539
822
9919
7509
5535
5920
4000
566
7598
6938
5516
6497
8567
8694
5395
8305
2898
5038
4047
6494
8767
2179
4884
2183
3868
1142
9944
5819
9722
1494
69
7118
3458
5404
2333
2186
9636
3092
7806
1156
5729
4285
4662
6129
5338
6097
1864
3369
9991
7673
5039
4459
397
747
403
6081
3962
3718
6202
1876
2866
688
1825
9891
560
7981
7434
2625
1589
4067
440
1325
3716
924
5497
8149
1058
5099
516
8189
3368
2482
3043
2925
2523
3972
7362
2201
9453
2215
1129
5397
7669
7676
1270
3608
7869
3137
4127
2000
6218
870
631
6919
2657
4528
3198
7365
6104
6603
1294
2198
1851
5651
3859
9916
5425
8132
6810
5592
5086
5056
4878
4117
8041
2305
1519
2662
7008
6960
2340
1490
4795
2341
8978
7724
3711
7040
2893
9976
1765
4936
478
906
4330
402
1542
5921
1367
164
7203
7381
3971
2170
1392
5469
5416
2312
3090
3684
2435
7041
3024
892
7808
5208
6258
675
6406
3606
6269
9110
5775
8475
7293
371
3595
8696
3941
8355
1829
6588
8868
6472
6518
9453
7336
3811
4904
7785
8375
2154
1438
4174
3691
6936
4962
1319
5118
4949
334
6408
6039
359
3392
9020
5603
2729
1432
8460
9928
6027
4739
1811
6773
618
8733
7072
5934
433
8067
3932
2711
4096
4135
3421
1807
1581
2407
2106
1151
5800
2383
3599
3170
708
8014
5187
1143
658
6295
9128
9397
5743
4474
2595
1600
2578
2226
1165
1433
783
1215
3849
5002
6079
3479
4119
6929
5411
8280
2424
3516
9030
6114
9299
5191
2371
7795
1783
7058
4616
1170
8866
503
169
7392
818
4826
3960
8668
4906
9106
2771
8806
215
5399
5214
790
3267
1340
1475
4398
6714
2622
6519
9613
4668
2349
3423
102
2130
9436
1138
7408
7347
5188
4433
6303
6249
9182
1380
5331
1904
9712
1239
5583
831
7622
230
7452
443
1109
6980
4559
1768
2445
690
3801
6833
8685
9933
5982
1274
700
73
6425
2979
3653
589
3229
1008
3729
7535
2318
39
3340
2418
9969
4154
8337
9325
4914
5653
6103
6062
1781
2266
2672
8975
7967
1659
4799
6599
5701
8312
3450
9044
5237
2906
2657
391
9412
6799
4942
8433
2567
3159
2797
2237
1302
8221
8846
9549
2990
3179
1672
5322
9991
775
6560
3190
1461
9282
6778
580
4274
7460
7695
1755
3692
8544
1681
6983
2538
8749
9467
624
4613
4919
220
1855
1973
3427
2325
4030
4330
6035
9728
9983
636
9449
5844
160
6469
270
1735
5965
7629
821
5315
5222
7238
4508
6764
5971
9513
4339
3056
1206
9824
3873
464
5520
2518
3587
2127
8134
1644
5973
440
501
1614
2790
1365
7252
3541
4999
573
1001
3678
5621
1133
4238
8619
9687
2203
4357
6456
634
4407
6122
6864
1147
2178
8248
9921
6564
6243
8847
3246
6251
2232
8725
4500
8727
1370
7914
527
7045
2453
3632
6781
1434
3542
9674
8947
1705
8853
4372
5935
5351
1317
3556
8302
1070
570
912
1454
3647
74
928
5815
6091
87
6197
5622
2004
1516
8907
3642
4255
7558
8730
3282
189
2181
179
2166
1386
291
9641
5270
5797
4532
3309
1232
9474
6335
6847
9766
5708
892
9682
7790
1759
4478
4160
2220
8021
2099
1997
6397
446
7097
8096
3205
6
259
479
7820
2130
9421
715
9925
2699
6668
188
1119
926
8426
9086
2255
8739
8912
6492
4285
7181
2436
5243
1822
8993
8054
3339
3442
8170
6070
457
1327
7516
6696
5848
5518
7768
9098
610
116
8064
4981
5082
6260
8732
2354
2051
8306
9387
3455
518
2171
1630
3714
4544
4564
561
1726
8554
9488
7019
7732
1470
566
2777
3979
4870
4930
3638
4274
966
8043
93
4134
2189
7781
7698
4656
5400
5448
8350
1248
9769
2224
9273
160
1318
3638
717
98
2116
9311
7017
6363
3717
6900
3731
5844
6672
9634
3810
2623
8656
4050
9338
8967
719
9643
4137
4587
4645
1495
9746
9196
7259
6980
1320
3573
4517
380
7037
331
9040
6055
5227
7268
9480
1679
7907
6829
6462
4964
6629
1143
4711
8769
3167
3425
1496
1407
329
3500
3296
5176
48
3307
2087
5647
481
2313
4486
878
4985
8688
7655
2928
1914
9543
5199
1008
5185
9947
4456
162
3638
9554
7092
8209
7908
1628
3118
9928
57
8234
3491
1668
848
2532
6658
1961
5437
8533
9568
437
7913
4378
6831
8738
4383
7771
4240
4672
8869
7321
9718
8994
655
4137
7917
1432
8400
2335
7499
3197
3075
3887
2598
3666
3322
7695
1158
2490
3604
9873
1196
2503
8756
8480
1523
5125
3135
329
2437
9974
6311
8477
9089
3598
2230
6659
4540
111
8444
1715
1558
9272
8941
2112
2143
4777
9301
7029
9082
2171
6670
4996
1568
814
1107
6715
1688
6562
181
2153
4245
5129
5518
7583
5489
8941
1652
5449
2937
1743
5889
7807
9368
1808
4880
55
2280
595
5738
638
2774
8770
2290
6359
1510
5552
2606
2211
6136
3119
9032
5362
9353
4803
2387
6216
2380
2823
3713
7091
4314
6430
2004
6060
1704
1757
5156
1420
6697
391
9169
1569
6819
120
9626
7442
8774
7815
9853
1039
4218
4933
1935
6940
8840
1179
2398
3359
3772
8644
9173
9192
8505
1798
4880
4865
8190
8439
1
8166
2168
8189
6786
1975
4648
9654
3804
2748
6342
3449
3495
72
3062
7741
9875
6592
6250
7353
3383
2638
6984
7100
3064
385
7806
1918
492
6183
4531
6774
3918
510
703
4461
2597
4184
237
3634
4225
2269
5824
4752
2070
7429
1413
109
5340
582
6520
5637
3829
2314
2649
23
6385
325
1439
77
2703
454
4205
8978
7381
2460
5701
3359
4033
7931
8107
3926
9025
2558
1291
6003
9232
7567
254
3439
6786
661
7048
327
4578
5294
1941
9309
1641
9693
2790
3245
4962
4453
1239
5635
9596
9047
5795
3787
8112
4824
6089
2456
5075
1191
8208
5162
3758
5117
6649
4730
9708
9606
9397
2167
1588
7423
2119
6918
2840
193
7706
3141
1373
5133
5734
161
1276
9095
5471
1097
6968
3880
8095
3986
753
3999
7270
2172
6776
6584
975
1045
36
9520
2052
1117
5940
888
5444
3178
2726
4552
6196
5165
88
4085
8340
3268
4637
4149
9987
9857
7858
8755
278
1643
401
607
7797
659
7302
1416
4150
7818
736
2460
3199
817
1066
3583
262
1249
7243
3754
2427
9469
8218
310
248
2340
7862
2313
7687
8315
5926
512
3173
1387
9868
8894
4342
6230
6703
8164
3177
544
745
7042
7949
2428
2750
9740
996
4356
9374
8112
5799
7117
4157
215
5962
986
3409
5482
4914
9472
3131
392
9556
6474
3738
7765
5615
6477
1468
5557
61
4783
503
2905
2806
5252
2967
9304
7078
1321
3608
5122
1568
1157
2487
2081
6067
2252
6932
1041
2172
6
4859
5970
1051
8528
3635
7148
1722
7137
5973
4194
8428
4463
6417
713
9507
3346
4974
8555
4021
9338
4866
7143
2991
1085
1841
1596
6154
948
1128
166
1357
5814
6076
7767
4291
2005
8846
3530
767
4232
1410
7620
1373
9112
1937
9387
1179
2751
2684
3948
648
125
7873
9256
4715
1149
4275
9087
663
3016
1893
9520
2366
7545
6871
942
291
1425
5700
3351
6709
4699
2395
5714
6377
5554
941
1639
646
7649
7894
2116
6327
1004
560
332
1085
6510
1428
5058
1811
4466
6627
7863
950
3989
5220
8064
6772
5212
2030
5148
1508
4690
360
1301
8695
8981
4350
8436
429
9746
9223
1562
971
429
2358
7500
7835
1542
62
1886
5125
1369
9769
1140
861
1460
8682
805
5837
782
8865
2945
2980
9574
160
1844
1359
1881
1820
4539
7207
1657
5942
2663
571
8618
1434
1680
8703
8142
7591
2123
9445
3700
656
159
4476
9949
5475
6548
7366
9455
8744
9021
9710
6701
6236
9448
9017
647
6207
5732
1820
3517
2442
8738
8895
9690
229
4815
3281
815
5480
193
6924
429
3968
5679
3865
5895
629
1782
1783
9848
1242
2217
3369
7105
5380
3625
8558
661
174
6054
7573
3608
2700
7748
5791
2293
1615
7105
9159
9887
1385
5158
4720
9963
4817
5021
799
7724
2601
402
2825
8943
3598
9628
3629
1032
2272
8526
5717
3980
6819
3337
4697
497
1348
6757
1652
6211
1040
2544
9787
1064
4242
6261
4380
6934
9819
6528
3971
5843
9431
3713
7539
3789
93
6607
1555
7948
9479
2944
4006
2725
3508
902
4816
8128
2602
1308
4646
1292
8847
6145
1077
2033
1946
7380
6917
5414
1558
4033
3471
8804
4279
7658
6285
7035
9279
7834
7906
6532
6387
5846
3018
3542
9114
1397
4786
7965
8566
7746
7323
216
7958
1183
1403
2465
9210
9803
4965
1235
2425
7927
1850
5447
5424
2822
9968
1391
4604
708
370
1911
3034
841
5656
9753
8476
189
88
5152
3695
3662
8941
8495
1723
1951
535
5714
5867
6692
6163
1365
8013
9627
1357
2756
6268
2733
35
707
4860
3654
8027
1199
1813
3408
9832
9204
5172
1975
4201
9585
334
217
3139
7241
535
3772
2400
9883
6867
8612
9768
2836
9882
6037
2863
2467
2561
4486
1246
590
2038
1655
7958
7955
3004
9204
9539
5345
9816
1402
6462
2072
411
1514
1333
398
754
1292
6159
3988
2282
3541
4506
5512
3864
620
2472
2764
712
890
1674
7783
1331
720
8635
9419
6471
5757
4848
9991
690
5215
1437
8173
9278
3530
5484
4742
7476
3575
9595
9029
7306
6863
3491
2090
7294
7865
448
1048
6712
9392
9934
1864
507
6808
2688
351
9965
3538
3607
6718
8648
5646
7857
4361
6335
5184
863
9882
4532
7319
5724
5222
2249
5834
2075
864
6246
515
1216
1165
1675
2080
722
8008
7766
744
2447
9191
3591
4892
6976
5774
4978
5950
8607
4626
1637
1733
6055
1024
2795
1937
1722
1999
9776
7885
7224
5732
9990
9571
4431
6180
1831
2916
3742
8687
2812
8839
2703
8059
8109
4034
9428
4703
5242
407
9041
3873
3130
8609
2954
3442
3569
2335
8926
2472
439
9552
916
7884
7607
2592
8373
1142
8534
1570
315
1973
6853
2894
6872
9363
1095
5357
442
1113
3735
7091
1438
8991
2804
1419
1234
774
5198
8281
8367
1738
4374
316
1207
4114
1377
2627
1019
4777
8254
1282
4000
1538
9832
6805
835
888
8013
3428
6651
980
720
9559
9470
6082
1612
2108
3878
6726
9226
9495
8005
4107
5141
4297
1159
2348
2316
2052
2808
5031
2583
3773
7206
3886
3198
1651
7399
7936
2215
9152
1390
3112
6270
5166
2042
7700
9017
1099
2719
7833
1469
2256
5497
340
347
254
990
9508
5711
8730
2804
1830
2699
7099
2884
1121
1599
3377
3533
2260
6636
6376
6843
1917
5353
5053
6681
2844
3445
5153
1828
6230
9246
5564
9890
3182
1026
8820
4852
9185
5587
6013
5304
8784
3200
9491
7298
9876
9491
646
5899
9293
2101
3589
1274
6331
8280
8623
6147
5265
2902
8437
1357
4119
310
3284
5465
9055
5024
6338
4047
9498
1937
9351
3227
1484
8272
3822
4488
685
1761
3147
859
9217
4554
1151
5188
6427
261
3530
7360
2397
4982
2528
307
2067
2221
6464
5124
833
6381
5489
2121
6937
9022
4141
7493
1970
4449
371
4575
1381
339
7127
3397
8666
9523
5133
3472
7875
9078
3990
8633
887
699
6410
9917
706
5739
5479
4237
1674
419
1896
1465
821
7077
7882
4878
1498
8924
4059
990
8165
351
1555
3727
719
5959
5176
3254
877
2948
9708
6277
3831
7885
938
275
6268
8663
8962
2331
116
5881
3056
2248
3302
7837
788
159
540
5704
7213
4941
1763
8430
1959
8995
439
6864
3863
7743
9535
4359
4180
5229
9077
2262
9913
6477
5049
6459
6568
1399
6678
3862
1105
717
9364
4541
6867
3967
3248
4991
6802
3717
9577
5479
2122
7736
6572
1428
1187
3458
2483
7303
4693
120
5385
204
3470
5236
8945
7165
6210
7592
6631
579
1122
896
6823
6398
1152
2167
1294
8263
4434
5149
766
5604
2389
951
2613
2892
9011
7463
3951
6204
4024
8046
6267
2137
4690
8271
2684
2022
5127
8454
8929
4600
4524
2889
9095
4120
6931
7550
30
3193
1892
381
89
7180
5823
3799
202
7920
3840
7367
3773
8061
5972
1959
1683
9139
1292
615
6594
1006
512
6762
6203
2381
5670
4577
2429
7155
1283
7068
5720
4269
64
8333
3444
7318
2049
1136
1267
9992
7890
4089
7380
307
898
44
2505
7411
5637
3378
1068
2828
8885
2219
8605
2729
3561
2687
3135
9223
5080
4601
7684
6635
2783
6774
1254
1867
1714
1978
1416
3243
4176
7397
268
1878
7418
180
2662
2736
7493
8218
2096
6010
2253
5921
9967
2342
1836
6187
5894
7243
1916
3726
618
5019
8521
1248
9543
5411
955
7806
2705
4162
6962
6531
7996
446
2403
1640
1456
4324
1267
4567
1271
3966
6417
8660
569
7498
1544
8430
8219
9640
4708
2178
9507
9268
4854
609
2703
6805
2467
1491
6406
7125
4082
2348
4494
723
3749
7854
5712
965
8775
703
4714
2689
968
3693
2675
5134
5605
7775
7684
6342
1867
157
4709
9887
7836
9795
9654
5339
7203
5602
3007
3324
9077
9015
9289
620
3146
256
3167
1036
3706
9916
5215
5835
8219
2899
534
9002
9882
358
4699
8781
5591
2024
4106
4196
4326
5981
3220
2875
7139
9634
2212
4607
1830
2941
6438
4018
6071
8902
6307
6337
9924
4342
7328
9636
9809
622
3768
6277
2111
6700
806
1589
6336
3530
2024
171
2426
7960
753
8942
810
11
174
710
7931
2149
3899
4605
727
3542
1302
1020
8700
6659
6740
755
2867
8135
7826
3721
1901
9560
2079
6437
1119
8427
2009
5372
3808
2298
741
108
6705
85
5027
8184
2076
2439
6929
6501
1871
3626
3534
8820
411
7325
6434
130
1080
869
765
5980
1804
7778
5725
8199
6908
1860
4052
8014
322
8877
6200
8909
2639
2905
8589
1470
6370
5691
6384
866
5290
9993
373
4131
1145
5644
532
1895
8089
3953
8159
4519
9011
739
3480
3249
5534
364
7360
5899
6757
889
1283
2153
4685
5678
4658
128
325
8794
416
2060
5022
3180
8402
6463
557
5926
4913
9995
2398
2209
4802
6994
2587
1138
8216
5004
8782
1243
359
4713
1476
4837
204
9847
2706
2540
6252
1606
860
251
3850
8714
8899
6186
2349
4913
6783
4101
2129
8806
5230
1855
6396
7877
1772
2215
100
4543
4995
426
7920
2496
5780
2233
12
6272
9287
92
7297
2935
4000
806
500
5429
243
635
7230
3697
7064
8336
2028
9743
8834
1570
3399
9527
445
6058
3206
9988
3542
7999
4131
2410
5616
3437
588
4444
9108
3557
2011
9037
8712
2820
5320
1077
1699
616
1741
454
512
2880
4522
7424
6481
1427
5482
6657
7126
4228
597
8193
9279
9285
2296
2734
7102
2122
2946
6115
2336
3391
2753
4414
8605
6428
8860
498
1405
7143
1026
4106
4718
8059
7891
735
8004
1193
5997
9100
4976
5436
2010
4751
3621
993
4935
9635
5462
6966
2632
4540
4627
1442
3867
6995
9158
9542
8970
2803
8521
8163
4981
6995
843
1980
479
4533
8723
5868
7511
4574
99
7867
8939
6758
9008
2301
3784
6098
3329
5500
8021
1713
3735
9255
1680
1524
8796
8923
9097
7538
3231
5777
1646
6586
2990
3288
8998
714
4981
3541
4578
383
7702
8551
6785
7278
3369
1008
1491
8531
3511
3025
8625
8360
129
8069
8970
633
2279
1874
5521
4053
9509
1787
9349
2695
9904
6713
225
8837
4146
7530
8197
4489
402
5067
5476
879
1192
146
993
2926
687
3695
1251
3946
5308
517
9424
2073
78
9011
2889
7669
9590
7688
4562
7489
2201
294
998
8272
7379
854
5816
4434
8223
8300
8845
6400
5220
9676
3368
394
6946
6669
1077
2207
94
1694
7018
5949
4537
8726
5915
9674
3960
9136
8510
1026
672
9847
2062
7121
6864
5150
9635
5651
3060
9684
2482
3114
1990
949
4449
7169
1783
4420
7806
2847
5263
856
9409
3021
9874
2724
6606
8395
2436
5948
8863
5712
6285
7269
3154
6689
272
60
9999
3156
2521
1194
349
101
757
5014
6517
7369
6567
2731
7814
7073
920
6955
7931
865
3246
1556
874
2594
321
403
2511
1844
3578
2231
7912
2552
9068
1079
4770
5389
7783
6422
4772
6873
5642
2613
8298
4699
74
3466
6469
2063
9889
336
8673
4945
6456
8015
4695
837
1175
1709
5556
4838
5564
7717
2810
1790
1275
6167
8261
374
2966
5665
5377
7214
7949
8652
506
7983
1255
6265
5811
9263
7089
6574
1403
5845
406
3740
1341
2125
2352
467
7784
9694
1598
5560
4383
7450
7638
5749
8465
5718
9597
6369
4618
9179
8309
499
7531
6701
934
1313
2409
8858
7393
5405
3410
2036
8944
915
5221
5266
7762
2508
3729
9300
3973
2599
1998
4086
2693
8872
8124
2455
1077
8225
3321
8490
5611
1376
8519
7148
4576
4873
8429
6999
2232
7958
7356
1575
559
2268
805
6732
1269
7824
1609
1663
9628
6218
625
7752
1999
4280
3663
3967
5445
6998
2373
3441
9766
8045
6293
6277
7821
6522
1640
6880
4063
3360
3427
7638
1147
9376
5398
2802
3298
568
1623
7144
7369
2649
831
7705
7676
3182
6259
5990
3686
1770
8262
2761
8943
7585
2893
3392
8180
842
9875
2123
3597
6595
8253
1289
5707
3286
1905
2958
8065
1819
7651
6759
3412
8669
480
7473
1798
5409
5231
2150
5887
9396
4772
2217
7869
5077
2342
149
3342
1267
9332
3393
5339
648
4916
5943
2184
9430
6060
950
8041
7889
8325
5572
4151
1597
8572
4855
2994
3257
7418
2886
2313
2813
9591
8011
9529
2528
2346
8860
2867
1773
3508
7322
4817
7126
8479
138
3161
1017
3665
9267
3954
946
5957
4838
7847
6530
8635
8085
3691
5951
6110
4829
2332
5500
4935
6149
5162
570
9824
1420
3721
9646
4268
2046
5814
7333
7685
4760
3095
1798
1654
3596
326
1159
4843
5399
174
179
5333
9665
4566
6874
1042
1428
3791
7017
1388
5841
9801
603
912
4847
283
2720
3539
4437
3138
2270
3264
4122
9385
6069
1493
2203
5466
7319
191
7677
8676
4264
3394
3604
7326
1874
8398
4019
8107
1932
9598
5029
2270
4348
3731
1275
1567
6603
1616
2870
5390
9864
2391
3816
5768
9743
5781
1014
409
683
7497
8289
6609
6585
378
9878
1929
960
9114
6290
9639
3662
5813
8697
4112
7060
79
729
3998
8517
3325
1691
9426
9435
6994
8394
4460
971
4413
230
8281
6666
401
5131
795
5487
2214
9966
4895
1066
7806
9816
7388
630
1882
5031
8968
2620
973
5585
3103
696
7393
9514
5894
5535
4377
3687
1244
1217
2887
8787
9394
380
7295
5059
3773
9857
9356
6854
8234
3291
8306
8527
2225
2876
4179
3717
7661
1834
6645
570
2891
1451
9844
8155
928
4109
4900
8952
4848
794
2298
9893
8925
1097
252
6208
2717
4663
3397
9492
7743
1192
6430
1469
5199
5449
2985
3181
5880
2440
6544
5534
937
9639
9534
6472
2763
796
7067
5797
8642
7788
1038
2724
2002
554
6094
139
1140
2650
5994
8337
248
5259
8906
43
4765
9476
8645
3349
2032
4638
9332
979
7762
4659
919
9288
4045
8165
1366
950
3399
8066
1403
2423
3080
9110
9791
765
1033
2641
1633
2581
829
139
7214
6305
1253
1093
1565
2885
2782
2786
4587
6994
8525
1991
4055
162
2287
5710
7502
3491
1770
9105
217
8408
2104
2357
6597
7116
6261
6772
3172
5688
1126
7408
2050
1894
5164
821
523
9191
6890
5406
2171
8787
3027
4891
6294
6927
3256
9858
4393
388
3809
3395
2672
1597
2809
48
2682
7808
2559
2188
762
4321
8266
1107
5023
3572
6108
8651
4358
3938
5835
3482
2862
3917
8476
2696
3356
615
5440
6726
4640
960
6980
9503
1256
8879
7188
8862
3428
4883
3072
2112
154
6650
3169
3899
5259
5985
3869
6191
4741
1997
9353
2156
9418
602
9487
5285
6561
3762
9425
3828
2828
2416
6156
6541
6826
5877
1024
2407
6205
9963
3887
5848
9934
2345
5012
6448
5568
3366
8406
2826
8946
9745
6509
734
5513
9408
9781
3082
1758
5943
1281
1139
2755
1548
849
1398
5836
2489
5590
3987
2060
9793
4661
477
7053
2583
9531
5275
5204
3371
8784
1251
7076
7830
1855
983
2338
488
6021
2592
5929
7168
2568
2795
7439
3036
9674
5345
2039
4577
4254
1067
6793
3469
3530
9158
5759
1739
2413
2131
8177
7704
4243
7474
4835
100
3734
4368
7533
7418
2280
862
8891
8947
9711
5397
3575
9447
9728
6358
7556
2278
7567
5271
7116
743
4965
7291
3132
1231
4211
160
9405
8724
5894
5279
7991
4674
8747
8208
5186
590
8965
2717
7757
7065
6317
4167
9842
7399
4442
9566
4569
6160
8177
6221
1725
3719
6382
7428
7388
5673
8196
7739
8562
1144
2257
4531
5144
8409
1750
591
5833
8283
9429
1827
3542
506
5323
9564
1370
2466
4657
9568
864
3831
4222
9399
1300
4084
4303
1594
4039
3955
8665
1867
1767
333
4797
8405
494
6898
9694
2694
1994
6667
4432
2410
9021
5293
5153
3433
5270
1505
4156
9812
7056
4403
4859
5516
201
4183
8189
7892
1429
3699
937
2008
1588
5705
8546
7854
3841
4467
6715
9227
2637
1492
9373
3689
876
652
790
88
2334
7564
292
7059
9360
2955
275
3908
9236
8712
9379
3275
734
1265
4125
1787
9809
100
4247
2677
5050
6948
9047
5224
1482
3631
8756
2041
314
77
2707
5232
8106
507
1665
5844
1290
536
7212
1912
3965
7487
3847
6933
7035
8983
8365
7290
7430
1480
1749
4914
6815
1679
5639
6485
7625
4611
2799
7777
9678
3033
7935
4266
9042
8085
4906
4015
4725
5234
2366
5487
6396
8212
7745
4140
1634
8988
9280
464
4667
4619
6612
8221
7433
9194
2005
7433
451
2778
819
1129
8610
488
6227
2285
3582
403
663
8269
4377
1105
1762
290
2218
5406
9098
6248
5276
3847
9055
6786
952
4950
7962
1263
8033
7071
1913
2188
3022
4362
2315
9034
2349
2146
9431
8545
2150
5453
386
4772
558
3709
2448
1671
1869
4247
6106
9615
3234
7633
897
2058
2165
257
7874
4319
2573
8852
7387
4566
387
3485
1421
42
4503
1982
9346
1998
6082
6347
4000
4079
876
4573
6959
6376
2238
5029
8840
9451
6378
8690
3503
2847
7866
6212
5826
9909
615
6818
9778
5312
5739
6617
9681
6020
440
7173
7100
2989
4234
3013
7772
1747
1307
9498
4392
6381
9430
401
4781
5972
5646
1330
2128
4345
7903
839
403
6634
1781
7520
3158
6561
5325
9814
7744
3837
2200
6399
9311
9861
3607
1571
8140
6650
7891
7484
9330
2284
460
8131
8816
1008
3109
8600
285
1441
269
7281
5900
6405
1297
712
8160
2913
3536
2558
9202
6447
9120
2612
6384
4046
8719
7724
6184
971
7804
7339
2918
9919
2631
8338
474
1401
902
2285
2509
8718
4938
1036
5718
1678
7218
416
904
5897
3982
1144
2286
7345
7830
1964
6986
7745
7772
6761
3161
206
9982
8303
4555
6510
4161
1799
1154
7303
8459
1210
7129
4920
1104
2718
7896
8221
432
2161
1301
1199
5022
2523
2636
8875
1635
2111
3570
9013
5412
4626
9431
3164
4498
3887
4666
8975
2481
1643
737
2176
6347
7397
7961
8488
7173
6367
651
5115
194
1907
3056
6974
8695
6000
4998
2854
5600
2212
2387
3906
3809
2383
2761
3660
7022
3573
1931
8396
7007
580
7135
30
5198
4374
2612
2021
5235
7305
4070
9216
290
8190
5360
2763
3491
5999
7058
8249
5923
2932
9635
4337
505
3447
3864
4358
7756
3879
1589
8316
834
1978
2275
952
1244
1639
2483
5047
9361
1507
1186
690
2871
7209
1198
576
2649
2063
1144
3500
6102
903
3610
217
6102
6356
2555
8467
5266
1758
7136
6440
1812
1559
8886
2807
3549
5726
7229
6791
5606
5604
6903
1323
5689
4974
4577
1044
321
3322
1457
5896
7999
1493
865
82
3807
4764
6059
9738
6490
1202
326
4631
5932
161
2639
9537
1241
6372
4763
6172
940
277
5228
9602
9328
7923
530
5568
2643
2326
5140
6036
6312
4342
3440
7701
9884
4680
6239
8003
2890
2170
6700
9985
6707
3746
9383
2865
1816
7586
9557
3502
4314
9630
8650
5631
1669
9537
5113
1403
503
1212
1211
9528
5799
5057
9934
2697
1508
2768
2368
871
4300
6128
2829
990
4095
624
4069
588
66
2109
1570
8789
3896
4583
8760
2827
8958
9264
2637
2733
166
7236
555
829
6822
751
9972
2694
2305
2508
1126
9261
6151
506
6303
295
4505
9764
6290
1052
1920
5888
4554
8970
7070
6711
9023
2381
3044
8055
3975
1742
950
6
4238
4938
5340
7272
1433
9476
7882
5267
6600
173
8403
7009
2970
5779
6329
4181
1349
5912
3368
4673
3286
7908
7668
2712
8614
6030
3072
2832
5486
6471
4784
9786
3500
167
7377
9204
3222
8988
3063
3070
9214
5616
4920
6077
5239
6714
1640
5853
8119
4600
467
7418
3566
9164
5970
6096
5814
7124
9320
7553
4555
191
6652
3655
1452
2604
1789
5403
8035
6869
1889
4757
7874
6445
9630
4117
1006
2069
1724
8034
8416
5397
7642
7345
2217
457
7008
6568
9078
1257
9365
6611
5125
4798
9683
4886
311
4418
3032
7924
6823
5688
2078
4288
7817
4060
3757
4579
9190
4971
2622
4637
1463
4358
9379
879
7088
6435
6726
648
5968
101
3616
1438
3861
7421
1755
8031
773
8320
1162
329
1562
4939
3335
6279
7230
405
9661
1341
2504
1012
1287
7462
1125
851
5768
8715
4282
4210
5821
2743
6985
8638
3616
2201
9523
6579
4430
1066
2637
335
6299
3216
5253
1048
1812
2162
3399
7969
9766
5324
4683
9945
3885
5125
369
7557
6960
287
928
9519
1435
6847
4507
9630
2668
2270
8054
6024
4019
4319
343
9798
1395
7618
4688
135
5646
6792
6556
5319
2096
3416
7720
5681
1338
9665
644
7699
4242
6529
3482
561
4393
7606
1086
4684
750
2051
7494
5365
7745
3237
8509
3821
7770
6071
2146
9710
9419
1842
8806
1567
4739
4009
7398
7364
5477
9940
6966
5045
664
4346
5583
5232
3040
2021
1145
3185
9597
689
1373
2209
7586
8390
3620
5596
1273
2614
6468
9751
1397
6872
6893
9138
4152
4230
7758
9995
2886
2692
7294
2211
5945
2146
5735
2821
6630
4980
3749
7828
2081
3296
7008
20
9197
2696
2342
1628
8886
2792
4750
4394
4594
6562
7736
8231
1317
9944
6632
6573
1060
2554
6996
4054
1565
9841
2396
5079
3637
955
906
1853
8370
6488
9978
3030
218
1428
443
3428
427
8118
5111
237
1244
711
128
663
3891
1288
107
1490
5017
3742
545
7045
140
6079
7811
2382
7284
9537
3727
4581
9768
8384
6881
4096
1969
6049
2171
4124
5774
1606
6695
2506
7258
4241
268
7720
8523
1595
8064
8834
684
1127
2589
5433
1582
5475
791
5875
1706
8207
732
3106
2107
3074
877
233
522
9305
2573
4621
409
7776
9671
1657
7763
1654
1765
2308
8532
8476
8638
6854
3205
3631
5183
6777
6939
6918
8398
9789
5793
6798
618
7839
2355
1684
5079
3690
8397
7362
2409
3598
5410
4350
5231
9536
9873
879
2866
642
8997
5506
990
3493
5244
6364
2256
9181
4555
5264
416
3588
9344
3028
1185
2497
312
3007
4695
874
4562
5973
7080
1351
6387
8854
5590
7689
7147
3892
9228
1179
6136
532
5303
3624
4842
4023
7911
1293
8374
2409
1494
6432
4143
4201
3176
6882
306
5643
420
2353
4433
8778
6626
417
5619
6482
1221
7355
6825
8861
1147
1222
8996
139
8322
9046
4789
6424
893
610
2405
681
3464
3338
6726
8279
6440
3033
569
4159
3974
1159
8178
1769
2958
2178
7146
2232
9155
1167
3667
8001
790
4155
6689
4111
6742
8487
9862
8502
1818
2403
1790
3911
253
89
1773
36
1000
1838
6630
4629
8103
1717
9645
8825
933
1333
3375
7073
4681
4219
6113
6953
3269
5603
3926
2040
9356
7603
8517
7547
4245
2488
6202
2973
1277
1094
8716
7673
4289
266
2383
1859
9340
914
1899
3412
46
351
2316
708
1342
5770
9051
8173
8338
2805
1021
3950
7676
8979
5659
8733
838
2762
6450
1937
6978
7688
3435
8974
5611
7524
1790
6626
9712
2566
9986
2416
1666
2250
2040
1579
3708
2001
9353
7541
4850
777
2813
9672
7005
2126
8174
9589
4438
2896
3404
3612
1585
3671
1027
6843
1677
1668
8873
3978
7801
9114
9868
4006
7337
8893
6219
5164
5672
1562
7572
7753
144
5079
814
6704
9208
9020
4936
5531
2525
8642
8002
5077
4821
7003
5802
2072
6608
1299
8794
466
447
997
2255
5310
474
7153
8590
4608
1084
1724
1778
9393
2354
7352
8297
9580
6100
262
2959
1559
2755
9065
9547
2150
2964
2573
5753
2268
9163
1096
4008
5844
5515
2815
7077
7504
1901
5516
8487
2863
352
2223
8188
932
8096
9779
6900
4341
8826
8915
9549
3329
6350
1004
174
3845
550
2196
3625
8465
2743
7979
5338
1366
1893
561
7941
2419
2619
1945
847
8849
7675
2492
7771
7659
5859
5089
6632
226
4017
2203
2921
8848
5785
1843
4853
6219
3140
7384
8608
1277
8155
485
3674
5329
6724
8226
438
4240
5500
1549
670
221
7206
586
7941
5518
6003
9320
9261
3517
7634
2583
507
5709
2634
583
8615
6832
86
1042
3576
1976
3616
4924
2735
6461
6481
5658
3842
5039
8055
6146
8557
6141
7960
9793
5332
5573
9063
1826
460
3692
5589
8365
8954
2160
7577
1231
4860
3676
6227
1305
8919
5884
9213
923
1841
4994
355
7938
4944
3704
5205
9167
5170
1735
8906
330
3023
1239
216
5271
5963
1736
3121
328
4128
1569
2543
1107
9820
1783
196
7701
3175
4512
7979
1415
3144
5432
8563
1536
8680
2547
2045
7356
9543
1940
8340
1036
3309
1054
4813
93
4340
137
3727
8941
1108
9656
260
5307
7023
2152
1648
9455
2399
6187
9282
2650
1628
8246
7881
5391
1970
3463
8
2466
770
6588
7277
8751
472
5904
7311
46
4221
119
9158
6070
8654
4492
6399
3312
3901
56
4032
2718
6326
7126
5433
5883
7877
2645
572
2596
6486
6238
9006
7864
3549
5318
3294
1708
5239
7334
9573
7730
5376
1641
7727
6042
3046
4806
6809
4073
2414
6735
9051
7802
3910
8665
6153
1219
9771
2109
5460
409
4812
3006
2518
6390
5406
6508
2222
5065
2018
6472
3640
7983
2100
6169
465
114
8709
1678
3673
5391
2890
2165
3898
7483
550
1724
7497
2072
9094
6086
6858
4085
8748
1024
6969
8036
1167
4500
6454
3681
7201
2334
3424
1727
2592
3901
501
932
4817
3004
4888
5608
5722
594
7861
5930
6398
3414
4002
9636
9391
5527
2870
4736
2079
2668
6190
2267
2327
7911
1101
9337
9164
3519
244
8729
9582
6542
914
6378
6995
5640
4686
3614
6900
9469
179
9774
2518
2129
3771
5647
5340
7354
2623
3171
5035
2665
3118
4627
9374
1325
5068
7979
9963
9284
60
998
1397
8996
1345
2956
83
489
242
7145
5250
511
2189
2576
1958
9683
3389
687
4455
2757
734
2661
4297
3633
3632
9506
6700
830
3818
2478
870
1237
1778
3853
1965
3206
2458
2400
8138
9113
605
6175
2426
6945
2410
6519
6982
7477
3007
3118
7078
8897
3914
7871
8530
6074
5485
6306
8761
1249
2768
938
5141
3338
5099
4230
814
9854
5940
608
1662
2654
4998
2298
5686
5192
6995
4555
6303
7567
8490
7380
851
7206
8828
391
76
4541
3836
4970
77
6143
2198
88
6944
203
3746
1305
2000
2818
1736
4868
7609
7377
4517
2114
5116
5951
6511
5492
7847
8824
4806
151
7316
5084
8700
7047
8801
9778
8486
4290
3536
577
6803
6351
7968
6032
2237
335
715
5787
3581
466
7681
201
7668
5533
870
1421
3623
3371
8759
3546
9866
5265
2547
1434
7777
3287
2711
6576
6643
835
4858
1117
8912
3080
3579
7376
804
7119
2216
2881
3468
4084
7264
7632
361
1317
1466
7001
9250
855
5400
843
687
6026
3751
1129
1332
4253
4568
5921
154
4484
9828
299
804
553
5594
4212
1552
770
125
2492
9949
6562
957
1292
380
465
2722
2364
9802
5840
576
484
1692
4584
5431
6081
124
2019
3579
2843
5508
8430
9828
2165
5784
1516
7814
3332
3993
6478
5363
4515
1526
1202
5343
7926
8454
2826
1589
8686
1012
383
3545
4589
7482
869
4925
1402
1474
1120
5400
5799
2136
6407
9075
9489
6483
7337
486
9416
9510
1677
4451
2048
1570
8238
7920
9398
4415
1559
5083
343
6874
3467
5545
7630
1761
3656
704
3708
3725
1949
438
61
8575
2697
7386
6552
1022
1846
3073
2263
2432
8183
6739
5225
631
9293
935
2692
5502
7600
7516
1519
6868
8236
9802
1966
3944
6730
8536
1119
3478
2897
7247
1557
8000
428
7407
3602
3009
5805
7025
4027
8958
50
9949
151
1358
1224
316
9912
9131
2430
7104
1293
9801
3067
7683
2311
9783
9954
4253
4954
8356
3748
1898
8566
6532
4966
9084
7927
8147
6901
4701
4746
7161
184
6327
8898
4654
2278
9511
5513
1824
6375
9359
4090
7202
4959
5308
1263
5207
3736
7591
9110
2544
3982
9679
1722
9395
3297
6263
4479
4861
4215
3212
6813
824
9265
2027
3345
4144
7631
112
9072
3042
309
5393
1998
9927
608
780
3775
784
1796
2815
2379
178
8
4023
2311
1988
181
7322
785
5366
4826
3352
7740
2836
1283
4959
3037
8315
4923
8463
8053
1356
112
6383
4145
1551
1942
3117
9918
4489
1167
2555
3361
7489
5161
5880
1206
4351
920
1772
7574
5670
7206
664
159
725
3544
4173
95
2840
5955
1821
9504
8276
3279
9103
8395
2210
1210
6086
2118
1707
9424
9508
6624
3430
9706
2651
7166
3934
9668
885
4311
4503
1220
1604
1821
4962
3895
4316
1533
2719
6686
7728
1129
4418
2314
8698
8579
3065
6963
7135
3453
6925
4687
1970
5471
3512
8065
952
8537
54
48
5372
4729
9919
7498
4612
2831
2355
6265
7332
6943
3975
5540
1873
7447
3343
1337
2073
34
764
842
2928
6588
344
1157
8302
7479
4272
9896
1080
4317
2210
5605
4939
5767
8230
2531
113
1181
8194
9589
7997
1887
8120
5102
4697
9172
7715
1173
2802
6832
1282
6950
2114
2075
8500
809
5230
3424
4965
711
5313
5860
4536
3818
3193
8632
4005
2500
2209
4447
8564
4419
2223
5124
3227
4883
318
8294
373
2565
1759
85
548
6319
7019
7282
872
1699
2316
8354
6944
4020
7917
9636
3040
9319
8270
3267
5604
519
1453
3629
804
3547
3218
2453
2856
4092
2074
230
1566
5729
7110
8569
9353
9677
1956
8537
1581
5196
9182
6053
7049
7497
4066
4469
9443
1748
9443
1121
2410
4931
5917
9311
3048
1382
7022
8411
9894
8863
8051
5516
645
6962
929
8100
2906
9145
7686
679
6618
7675
1054
9040
375
206
922
4305
1801
8522
3278
2378
4832
9936
1818
1660
4680
4571
8043
6270
7182
6726
4483
4271
9907
8639
5351
3229
4047
9306
6951
278
2151
1592
3219
1341
5810
3673
395
3743
5577
1440
4712
422
1533
2199
122
4269
8653
1379
7986
8037
9656
7672
5121
4504
751
5376
2575
13
5567
6136
6176
2412
8990
8252
2101
5714
6035
6356
9775
4198
9179
1775
8745
1212
2202
5311
8247
314
863
7844
6921
4458
2203
1390
7396
9344
290
6173
403
476
1283
844
1002
5586
5349
1198
8652
888
1986
3638
3869
4975
7353
5181
5978
8374
3086
9792
2823
859
1845
552
7753
7779
9039
8959
7958
1501
4740
5039
9466
5378
4338
8797
9052
655
1316
7286
4959
2630
86
7832
3933
3266
7784
6788
9841
9802
5922
323
6932
6551
1240
2167
6219
1753
2637
1155
2670
7111
4956
9293
8764
2518
596
3987
1629
9133
4388
4988
408
2678
1624
8177
439
3078
2803
3340
6600
4897
6238
9583
5637
8696
9935
5895
8117
8868
3725
8451
3844
1896
1971
6800
1825
130
2483
1175
2023
6578
2237
2249
2751
8734
2304
8073
307
1845
9376
2123
5349
1795
5049
572
7681
948
6851
2722
4849
7580
2358
2709
5776
1158
8688
1503
6081
716
5141
6512
2737
1975
4406
8628
7034
2775
2693
6153
2441
3813
6343
5435
786
4599
2699
9826
3794
2084
9387
5248
6182
7849
5777
5491
9210
6395
956
5122
724
1053
5810
7542
9955
1124
7847
1462
9442
8281
6079
9671
9425
6655
8257
9955
7670
4455
2254
6970
3919
464
6816
1079
9179
1138
6085
821
1338
5917
958
8225
6083
8349
4451
7041
1845
3249
1386
4165
3455
1932
6776
8349
3059
4859
8774
4604
9128
5705
6103
2396
4448
7872
5818
1137
6506
416
5339
1346
1337
3157
1055
3621
8084
4084
2048
4714
5790
9925
6789
5164
921
7448
5653
8835
9895
801
6189
7149
8354
1430
2129
2350
8221
2907
2176
9653
3658
1851
7691
2178
2061
9434
6550
8501
7184
1241
8912
1656
5625
9546
7696
1728
985
1748
9072
9168
4630
9209
1743
366
1371
4518
6466
5546
62
4826
154
4172
8963
8651
4476
2589
1119
5654
6316
2297
2208
8773
5307
8660
1627
3926
5156
8907
1157
6025
4417
2620
2246
5466
3011
3112
7035
2752
4578
7623
4011
5237
7586
13
6349
7224
1894
4316
2568
6143
4937
7754
346
7136
827
6213
8829
2
2088
7828
1783
207
8400
3855
3105
4541
3282
322
5338
9262
4650
1149
7788
868
5245
8576
2576
5481
8866
486
4142
2046
6100
6463
3320
8290
7781
1731
3175
1526
1589
163
3269
7422
4916
2
5085
9290
7716
1940
8032
2070
1426
8389
1098
799
8550
4573
4468
5607
2568
6691
8331
9627
6438
5024
3984
163
580
6790
8129
5673
4163
897
4393
3374
9957
6812
5284
9385
576
6758
8005
9009
673
230
91
9230
7555
493
9985
2987
2271
7148
1301
3038
8918
6118
9724
4954
3582
2663
2532
6437
9417
2788
3993
