9999
9998
9995
9995
9992
9991
9991
9991
9990
9993
9989
9988
9987
9988
9985
9983
9982
9981
9982
9978
9976
9978
9974
9973
9974
9972
9971
9969
9973
9968
9967
9966
9966
9965
9995
9963
9963
9963
9986
9957
9955
9954
9950
9949
9949
9949
9949
9949
9947
9945
9947
9944
9938
9939
9937
9940
9936
9934
9934
9934
9934
9933
9933
9930
9944
9928
9928
9927
9927
9935
9925
9925
9925
9924
9921
9920
9920
9919
9919
9919
9918
9917
9917
9917
9916
9916
9915
9914
9913
9914
9912
9921
9909
9907
9904
9904
9903
9898
9898
9894
9896
9893
9893
9896
9892
9909
9891
9891
9890
9889
9889
9888
9888
9955
9887
9887
9884
9883
9887
9882
9882
9882
9881
9882
9878
9877
9876
9878
9875
9875
9875
9874
9873
9873
9872
9873
9871
9870
9868
9868
9868
9867
9870
9866
9866
9864
9861
9860
9858
9857
9853
9853
9857
9848
9862
9847
9847
9844
9842
9854
9841
9840
9839
9841
9838
9835
9834
9838
9832
9832
9828
9828
9858
9824
9824
9822
9820
9820
9820
9819
9819
9816
9815
9816
9814
9812
9812
9810
9814
9809
9809
9809
9803
9803
9802
9802
9802
9801
9801
9800
9801
9799
9798
9798
9795
9793
9793
9792
9790
9791
9789
9787
9786
9783
9782
9781
9791
9779
9778
9778
9777
9776
9774
9773
9771
9775
9769
9769
9769
9785
9768
9768
9768
9826
9766
9766
9766
9764
9757
9828
9755
9751
9750
9746
9746
9745
9744
9753
9743
9743
9746
9740
9738
9736
9731
9729
9740
9728
9728
9895
9724
9722
9718
9714
9714
9713
9712
9711
9710
9710
9709
9709
9712
9708
9708
9708
9705
9703
9700
9700
9694
9694
9694
9706
9693
9690
9692
9688
9691
9687
9687
9687
9685
9684
9683
9683
9690
9682
9681
9681
9682
9679
9681
9678
9676
9675
9676
9674
9674
9672
9671
9674
9669
9669
9674
9668
9665
9665
9664
9674
9663
9661
9659
9661
9656
9656
9677
9654
9654
9651
9650
9648
9646
9642
9645
9641
9641
9648
9640
9656
9639
9639
9638
9639
9636
9636
9636
9636
9635
9635
9635
9643
9634
9634
9632
9630
9630
9629
9630
9628
9628
9671
9627
9627
9626
9626
9618
9615
9615
9613
9626
9612
9608
9607
9606
9602
9600
9598
9606
9597
9597
9596
9596
9605
9595
9590
9589
9587
9591
9585
9589
9583
9583
9582
9580
9579
9578
9577
9577
9595
9576
9575
9574
9573
9571
9571
9570
9653
9568
9566
9566
9564
9568
9560
9560
9559
9558
9559
9557
9557
9556
9556
9552
9553
9549
9549
9549
9548
9549
9547
9547
9549
9546
9545
9543
9543
9543
9543
9542
9539
9537
9537
9537
9537
9536
9535
9536
9531
9531
9529
9534
9528
9527
9527
9554
9523
9523
9522
9520
9519
9519
9517
9516
9515
9520
9514
9513
9511
9510
9509
9508
9507
9507
9507
9506
9504
9504
9508
9503
9499
9502
9498
9497
9496
9513
9495
9495
9492
9491
9489
9491
9488
9488
9488
9487
9487
9487
9498
9480
9480
9479
9478
9476
9474
9472
9470
9473
9469
9469
9469
9468
9467
9466
9469
9463
9462
9463
9459
9455
9455
9453
9453
9452
9452
9449
9448
9447
9447
9447
9445
9451
9443
9443
9442
9476
9441
9440
9439
9436
9435
9435
9431
9431
9430
9430
9431
9429
9429
9428
9426
9425
9425
9434
9424
9424
9422
9421
9419
9419
9418
9985
9417
9412
9412
9415
9408
9408
9405
9405
9409
9399
9405
9398
9397
9397
9396
9394
9393
9395
9392
9392
9391
9390
9389
9416
9387
9387
9387
9395
9385
9385
9383
9376
9376
9379
9374
9373
9368
9365
9374
9364
9363
9363
9361
9360
9360
9379
9359
9358
9356
9356
9356
9353
9353
9353
9352
9351
9353
9349
9349
9346
9382
9344
9344
9342
9340
9340
9338
9337
9338
9336
9338
9335
9332
9332
9330
9332
9328
9328
9327
9326
9325
9325
9353
9320
9320
9319
9320
9317
9313
9315
9311
9311
9311
9311
9309
9309
9376
9307
9306
9305
9304
9301
9300
9299
9298
9293
9293
9289
9289
9289
9288
9287
9285
9284
9284
9284
9282
9282
9280
9281
9279
9279
9278
9283
9274
9274
9273
9293
9272
9267
9267
9265
9265
9268
9264
9263
9263
9262
9261
9261
9261
9260
9259
9256
9258
9255
9255
9250
9250
9249
9246
9249
9236
9232
9290
9230
9228
9226
9223
9223
9227
9222
9217
9221
9216
9216
9214
9211
9213
9210
9210
9210
9209
9208
9204
9204
9204
9202
9204
9198
9199
9196
9191
9191
9194
9190
9192
9187
9185
9197
9182
9182
9181
9189
9179
9179
9173
9173
9177
9172
9170
9169
9167
9166
9164
9164
9163
9159
9164
9158
9158
9151
9158
9148
9155
9146
9165
9145
9145
9145
9142
9141
9145
9139
9138
9136
9152
9133
9132
9131
9129
9128
9124
9179
9123
9123
9120
9119
9120
9118
9115
9114
9114
9112
9113
9111
9114
9110
9110
9110
9110
9108
9106
9105
9104
9103
9100
9100
9144
9098
9098
9098
9097
9098
9096
9095
9095
9128
9094
9094
9168
9093
9093
9088
9087
9092
9086
9086
9084
9084
9089
9082
9078
9078
9086
9077
9077
9077
9077
9077
9068
9075
9067
9067
9065
9065
9063
9072
9061
9055
9055
9074
9052
9051
9051
9049
9047
9047
9090
9046
9046
9042
9044
9041
9041
9043
9040
9040
9040
9039
9037
9035
9034
9034
9040
9032
9032
9030
9025
9030
9023
9023
9022
9022
9029
9021
9021
9072
9020
9019
9017
9017
9020
9013
9012
9014
9011
9011
9011
9015
9010
9010
9008
9006
9006
9005
9005
8998
8998
9002
8997
8997
8996
8996
8996
8995
8995
8995
8995
8993
8993
8991
8990
8988
8987
8994
8983
8981
8980
8979
8989
8978
8978
8976
8988
8975
8975
8975
8975
8970
8970
8970
8968
8974
8967
9005
8965
8962
8961
8960
8959
8958
8958
8955
8952
8954
8947
8947
8945
8946
8943
8943
8944
8942
8949
8941
8941
8941
8941
8941
8963
8940
8939
8929
8926
8930
8925
8925
8924
8919
8916
8915
8915
8923
8912
8906
8912
8902
8906
8899
8899
8899
8909
8898
8912
8897
8897
8896
8896
8895
8907
8894
8893
8891
8889
8892
8886
8886
8885
8879
8891
8878
8877
8876
8875
8874
8873
8872
8870
8869
8868
8868
8868
8868
8921
8866
8866
8866
8865
8863
8862
8861
8863
8860
8860
8860
8907
8858
8854
8853
8854
8848
8849
8847
8847
8852
8846
8846
8846
8845
8840
8840
8839
8839
8836
8834
8834
8834
8834
8837
8832
8828
8826
8824
8825
8821
8820
8820
8816
8810
8835
8806
8806
8806
8801
8801
8799
8798
8796
8794
8794
8793
8794
8790
8789
8796
8787
8787
8797
8786
8782
8784
8781
8784
8779
8778
8777
8784
8775
8804
8774
8773
8770
8769
8769
8769
8767
8764
8764
8774
8763
8761
8761
8773
8760
8759
8756
8756
8751
8755
8749
8749
8748
8748
8829
8747
8747
8745
8744
8890
8741
8738
8738
8739
8734
8740
8733
8733
8730
8729
8732
8727
8732
8726
8725
8723
8724
8719
8718
8715
8714
8714
8712
8712
8716
8710
8709
8701
8703
8700
8698
8700
8697
8696
8695
8696
8694
8690
8691
8688
8688
8688
8687
8686
8695
8685
8680
8682
8673
8673
8670
8669
8672
8668
8666
8677
8665
8665
8665
8663
8676
8660
8660
8660
8660
8657
8656
8654
8653
8652
8652
8651
8651
8651
8652
8650
8648
8648
8645
8644
8730
8642
8642
8639
8638
8638
8638
8635
8633
8633
8632
8630
8635
8628
8639
8625
8624
8621
8623
8619
8618
8614
8612
8612
8612
8611
8610
8615
8609
8615
8608
8608
8607
8605
8605
8605
8604
8602
8601
8600
9009
8599
8598
8594
8592
8589
8583
8581
8594
8580
8590
8579
8575
8574
8574
8569
8567
8572
8566
8566
8564
8562
8563
8559
8558
8557
8557
8557
8555
8554
8553
8555
8552
8552
8552
8551
8573
8550
8546
8545
8544
8542
8545
8540
8537
8536
8536
8537
8535
8532
8531
8533
8530
8529
8530
8528
8527
8526
8527
8525
8523
8525
8522
8522
8524
8521
8521
8519
8534
8518
8517
8516
8516
8514
8510
8517
8509
8509
8509
8509
8506
8506
8502
8499
8498
8505
8495
8500
8493
8490
8488
8487
8487
8487
8486
8481
8490
8480
8480
8490
8479
8477
8477
8476
8476
8476
8475
8474
8469
8465
8463
8465
8462
8462
8467
8460
8459
8459
8459
8454
8454
8451
8450
8450
8455
8445
8444
8441
8439
8443
8437
8437
8436
8501
8435
8434
8434
8434
8433
8576
8431
8430
8430
8429
8429
8428
8427
8426
8426
8429
8425
8423
8424
8421
8420
8417
8416
8415
8414
8430
8411
8408
8406
8409
8405
8417
8403
8402
8403
8400
8400
8398
8398
8397
8398
8396
8395
8395
8394
8394
8393
8395
8392
8390
8390
8395
8389
8389
8384
8384
8382
8375
8375
8374
8385
8373
8370
8370
8370
8374
8369
8367
8365
8365
8361
8360
8362
8359
8358
8358
8356
8355
8357
8354
8354
8349
8350
8347
8347
8349
8343
8340
8340
8339
8338
8338
8337
8336
8336
8336
8333
8400
8331
8325
8322
8321
8320
8319
8316
8321
8315
8315
8315
8315
8315
8315
8312
8309
8306
8306
8304
8306
8303
8305
8302
8302
8301
8300
8300
8298
8298
8297
8297
8295
8294
8302
8290
8289
8290
8283
8283
8283
8281
8281
8281
8280
8280
8279
8272
8272
8272
8270
8276
8269
8278
8268
8266
8264
8264
8263
8266
8262
8263
8261
8261
8271
8260
8257
8255
8256
8254
8254
8253
8252
8251
8257
8249
8249
8249
8247
8246
8248
8239
8238
8236
8236
8234
8234
8237
8232
8231
8230
8229
8227
8337
8226
8226
8225
8225
8223
8223
8221
8221
8219
8219
8221
8218
8218
8218
8213
8216
8212
8212
8208
8207
8209
8204
8199
8199
8197
8197
8196
8212
8195
8193
8190
8195
8189
8189
8189
8188
8184
8186
8183
8181
8180
8179
8178
8190
8177
8177
8177
8194
8176
8174
8174
8172
8170
8170
8173
8169
8173
8166
8165
8164
8163
8160
8165
8159
8155
8155
8149
8144
8147
8142
8142
8170
8140
8139
8138
8138
8140
8135
8135
8132
8131
8128
8134
8125
8124
8120
8120
8119
8118
8117
8117
8117
8112
8112
8112
8111
8109
8107
8107
8106
8106
8103
8103
8100
8100
8096
8096
8095
8100
8093
8089
8085
8085
8084
8082
8082
8081
8080
8079
8077
8074
8071
8073
8070
8069
8067
8066
8067
8065
8065
8066
8064
8061
8064
8059
8059
8058
8056
8056
8056
8055
8055
8054
8054
8053
8051
8050
8046
8064
8045
8045
8045
8043
8043
8041
8037
8037
8041
8036
8036
8035
8034
8033
8221
8032
8031
8026
8025
8022
8027
8021
8016
8015
8017
8014
8014
8021
8013
8013
8011
8011
8010
8008
8208
8005
8005
8004
8003
8002
8001
8000
7999
7999
7999
7998
7998
7997
7996
7996
7994
8004
7991
7991
7986
7986
7985
7984
7983
7983
7982
7981
7979
7979
7979
7979
7981
7978
7978
7985
7977
7973
7973
7982
7972
7969
7968
7967
7964
7964
7965
7962
7962
7961
7967
7960
7960
7960
7959
7958
7958
7958
7955
7949
7949
7949
7948
7943
7945
7942
7941
7941
7938
7958
7936
7936
7965
7935
7931
7931
7931
7958
7929
7929
7927
7926
7927
7924
7924
7923
7920
7920
7920
7920
7918
7917
7917
7914
7917
7913
7913
7917
7912
7913
7911
7911
7911
7908
7908
7908
7907
7907
7906
7906
7903
7902
7896
7900
7894
7891
7892
7889
7890
7888
7891
7885
7885
7885
7884
7884
7883
7882
7881
7878
7877
7877
7874
7874
7875
7873
7882
7872
7871
7870
7869
7867
7866
7865
7864
7863
7862
7861
7869
7860
7858
7858
7858
7858
7857
7863
7856
7854
7854
7852
7850
7849
7848
7871
7847
7847
7844
7842
7847
7839
7839
7837
7836
7835
7833
7834
7832
7832
7842
7830
7830
7828
7826
7828
7824
7822
7821
7820
7820
8129
7819
7818
7817
7815
7814
7817
7812
7812
7811
7809
7808
7808
7814
7807
7807
7806
7806
7806
7806
7806
7804
7802
7803
7801
7801
7797
7795
7793
7791
7801
7790
7807
7788
7788
7787
7785
7784
7784
7783
7783
7783
7783
7781
7781
7779
7778
7777
7777
7776
7775
7775
7772
7771
7771
7772
7770
7767
7768
7766
7765
7764
7763
7763
7762
7762
7765
7761
7761
7760
7757
7756
7773
7754
7753
7753
7752
7752
7758
7748
7748
7746
7748
7745
7745
7745
7744
7743
7743
7741
7740
7739
7743
7736
7735
7732
7731
7730
7742
7729
7728
7727
7724
7724
7724
7724
7722
7736
7720
7720
7719
7717
7715
7716
7712
7707
7767
7706
7704
7705
7703
7702
7701
7701
7701
7701
7700
7703
7699
7700
7698
7698
7696
7695
7695
7692
7689
7691
7688
7686
7687
7685
7688
7684
7684
7683
7683
7681
7681
7681
7680
7679
7677
7676
7675
7675
7675
7673
7673
7672
7671
7670
7676
7669
7669
7676
7668
7668
7662
7659
7661
7658
7657
7656
7655
7652
7651
7653
7649
7651
7648
7716
7642
7640
7642
7638
7638
7637
7637
7637
7634
7637
7633
7632
7633
7631
7629
7625
7625
7623
7623
7630
7622
7618
7615
7618
7614
7609
7620
7607
7606
7613
7604
7603
7602
7600
7600
7702
7598
7592
7592
7591
7591
7586
7586
7586
7586
7598
7585
7583
7580
7580
7581
7577
7582
7575
7574
7573
7572
7570
7569
7572
7567
7567
7567
7565
7564
7559
7567
7558
7557
7565
7556
7550
7553
7547
7547
7545
7542
7541
7541
7542
7539
7538
7559
7535
7530
7533
7525
7524
7531
7523
7523
7522
7535
7520
7516
7516
7514
7516
7511
7511
7509
7516
7508
7502
7501
7501
7500
7500
7499
7512
7498
7498
7498
7497
7497
7496
7494
7493
7493
7492
7497
7491
7490
7504
7489
7489
7487
7487
7489
7484
7483
7479
7480
7477
7476
7478
7474
7467
7473
7466
7463
7462
7460
7460
7457
7482
7456
7456
7454
7452
7451
7454
7450
7448
7447
7442
7448
7439
7439
7555
7437
7434
7433
7430
7433
7428
7428
7424
7429
7423
7421
7420
7419
7419
7418
7418
7416
7418
7413
7412
7411
7410
7409
7408
7408
7408
7407
7418
7404
7419
7401
7399
7399
7399
7398
7397
7397
7395
7396
7393
7392
7393
7390
7390
7390
7389
7399
7388
7388
7387
7387
7386
7384
7384
7381
7382
7380
7380
7380
7378
7379
7377
7376
7373
7371
7372
7370
7381
7369
7369
7367
7366
7365
7364
7362
7369
7360
7360
7377
7356
7356
7356
7356
7354
7355
7353
7353
7352
7352
7351
7350
7345
7345
7340
7339
7338
7347
7337
7337
7337
7336
7333
7332
7332
7332
7330
7328
7334
7327
7326
7399
7325
7323
7322
7322
7362
7321
7321
7319
7319
7318
7319
7316
7315
7315
7314
7311
7318
7310
7306
7305
7303
7303
7302
7331
7299
7299
7299
7298
7296
7297
7295
7294
7293
7293
7291
7290
7294
7288
7286
7284
7290
7282
7281
7278
7282
7277
7276
7272
7272
7270
7299
7269
7422
7268
7266
7264
7264
7260
7259
7258
7256
7254
7265
7252
7252
7252
7251
7258
7249
7248
7247
7244
7361
7243
7243
7238
7241
7236
7234
7229
7230
7224
7224
7221
7219
7230
7218
7217
7216
7224
7215
7214
7214
7214
7217
7213
7330
7212
7211
7212
7209
7209
7207
7211
7206
7206
7206
7203
7206
7201
7202
7196
7194
7191
7188
7203
7184
7182
7180
7176
7181
7173
7172
7173
7171
7170
7170
7169
7169
7168
7166
7166
7168
7165
7163
7161
7158
7157
7157
7156
7156
7155
7154
7157
7153
7153
7151
7149
7194
7148
7148
7148
7148
7146
7147
7145
7145
7148
7144
7144
7143
7143
7137
7139
7136
7135
7136
7129
7135
7127
7126
7126
7126
7125
7124
7124
7123
7119
7118
7117
7117
7116
7116
7115
7116
7114
7121
7112
7111
7110
7110
7105
7109
7104
7104
7103
7102
7101
7100
7100
7097
7099
7094
7093
7092
7091
7091
7091
7090
7093
7089
7089
7088
7089
7086
7088
7085
7085
7085
7105
7084
7080
7078
7077
7077
7076
7078
7073
7073
7073
7072
7071
7070
7067
7067
7068
7065
7064
7065
7062
7072
7060
7060
7058
7058
7057
7060
7056
7051
7048
7049
7047
7056
7045
7045
7044
7053
7043
7042
7041
7041
7040
7039
7037
7038
7036
7036
7036
7035
7035
7034
7031
7035
7029
7029
7027
7025
7023
7059
7022
7022
7021
7020
7020
7020
7020
7018
7017
7013
7019
7010
7010
7009
7017
7008
7008
7008
7007
7007
7019
7005
7003
7005
7001
7000
7000
6998
6996
6999
6995
6995
6995
6995
7007
6994
6994
6994
6989
6986
6985
6985
6984
6984
6994
6983
6983
6982
6980
6980
6978
6976
6974
6970
6980
6969
6968
6966
6966
6966
6963
6962
6962
6969
6961
6960
6959
6959
6960
6955
6954
6953
6960
6951
6951
6950
6949
6946
6946
6944
6943
6943
6940
6939
6944
6938
6945
6937
6936
6934
6933
6932
6932
6931
6929
6929
6986
6928
6927
6926
6924
6921
6919
6919
6918
6927
6917
6914
6913
6911
6908
6907
6907
6903
6903
6901
6900
6900
6900
6898
6893
6891
6900
6890
6925
6887
6887
6886
6885
6885
6882
6881
6881
6880
6918
6874
6873
6873
6872
6872
6871
6869
6873
6868
6867
6867
6867
6874
6864
6864
6864
6864
6863
6859
6859
6948
6858
6858
6856
6857
6854
6854
6851
6849
6854
6847
6847
6847
6847
6853
6843
6843
6837
6843
6834
6840
6833
6832
6832
6831
6827
6826
6826
6826
6823
6823
6823
6822
6819
6825
6818
6816
6816
6815
6842
6813
6813
6818
6812
6810
6809
6809
6808
6805
6805
6803
6803
6802
6800
6798
6798
6802
6796
6796
6799
6794
6793
6792
6791
6789
6787
6788
6786
6786
6786
6785
6781
6778
6777
6783
6776
6776
6776
6790
6774
6774
6773
6773
6774
6772
6772
6772
6771
6769
6765
6765
6764
6762
6819
6761
6759
6758
6757
6757
6755
6756
6753
6753
6748
6747
6742
6739
6740
6735
6735
6732
6730
6730
6728
6758
6726
6726
6726
6726
6725
6724
6720
6718
6724
6715
6715
6714
6714
6715
6713
6713
6712
6726
6711
6711
6709
6829
6707
6706
6705
6704
6703
6701
6701
6700
6700
6697
6698
6695
6700
6693
6692
6692
6691
6696
6689
6689
6686
6679
6678
6682
6673
6673
6681
6672
6670
6669
6669
6678
6668
6668
6667
6666
6663
6661
6659
6659
6659
6658
6658
6658
6657
6657
6673
6655
6653
6652
6650
6650
6649
6650
6648
6645
6644
6644
6651
6643
6636
6635
6634
6632
6632
6632
6681
6631
6630
6630
6630
6629
6627
8918
6626
6626
6626
6624
6617
6617
6612
6611
6624
6610
6609
6607
6607
6608
6606
6603
6603
6603
6607
6600
6600
6599
6596
6595
6597
6594
6592
6588
6588
6588
6588
6586
6586
6585
6584
6584
6588
6579
6618
6578
6577
6574
6574
6573
6576
6572
6572
6568
6568
6568
6567
6567
6567
6565
6563
6564
6562
6562
6562
6561
6561
6560
6562
6558
6556
6556
6556
6552
6552
6551
6602
6550
6548
6546
6544
6544
6548
6542
6541
6538
6537
6596
6535
6533
6532
6531
6532
6530
6530
6530
6528
6527
6529
6526
6533
6525
6522
6520
6519
6519
6519
6518
6517
6512
6511
6510
6510
6509
6508
6508
6507
6502
6506
6501
6505
6497
6497
6494
6497
6492
6490
6489
6492
6488
6486
6485
6483
6506
6482
6481
6481
6481
6482
6479
6478
6481
6477
6474
6474
6477
6472
6472
6472
6471
6471
6469
6469
6468
6468
6468
6471
6465
6464
6463
6462
6462
6459
6461
6457
6456
6456
6456
6454
6454
6450
6450
6449
6448
6447
6446
6451
6445
6445
6443
6443
6441
6443
6440
6440
6466
6438
6438
6437
6437
6436
6435
6434
6435
6432
6431
6430
6430
6434
6428
6428
6427
6428
6425
6422
6425
6417
6417
6412
6417
6410
6410
6424
6408
6408
6407
6408
6406
6405
6406
6400
6407
6399
6399
6398
6398
6463
6397
6396
6396
6397
6395
6390
6387
6387
6392
6386
6385
6384
6384
6383
6382
6381
6378
6378
6384
6377
6376
6375
6377
6372
6370
6372
6369
6376
6367
6366
6364
6363
6361
6359
6358
6381
6356
6356
6356
6356
6353
6352
6351
6350
6348
6351
6347
6347
6345
6347
6343
6342
6346
6338
6337
6337
6336
6335
6335
6331
6329
6328
6331
6327
6327
6326
6325
6342
6323
6323
6322
6319
6319
6319
6317
6317
6318
6316
6312
6311
6315
6308
6312
6307
6307
6305
6306
6303
6303
6303
6300
6299
6299
6295
6294
6303
6293
6290
6290
6285
6285
6279
6278
6349
6277
6277
6276
6274
6274
6277
6273
6272
6273
6270
6270
6269
6268
6267
6268
6265
6265
6263
6261
6261
6256
6256
6260
6252
6251
6250
6259
6249
6248
6243
6248
6240
6246
6239
6239
6258
6238
6238
6237
6230
6238
6229
6230
6227
6221
6227
6219
6219
6219
6219
6236
6218
6218
6216
6215
6212
6211
6210
6207
6208
6205
6204
6203
6202
6202
6200
6197
6213
6196
6194
6193
6191
6190
6189
6187
6186
6184
6183
6183
6182
6181
6187
6180
6175
6173
6176
6172
6169
6167
6166
6163
6161
6160
6159
6157
6159
6156
6154
6160
6153
6153
6156
6151
6149
6149
6149
6148
6150
6147
6147
6146
6146
6146
6145
6143
6143
6145
6141
6141
6144
6137
6178
6136
6136
6136
6136
6136
6134
6128
6129
6127
6124
6125
6122
6496
6118
6116
6115
6113
6111
6113
6110
6108
6106
6105
6104
6109
6103
6103
6102
6102
6102
6114
6100
6100
6100
6100
6098
6096
6096
6097
6094
6091
6091
6089
6091
6088
6088
6086
6086
6085
6085
6084
6083
6082
6082
6081
6081
6079
6079
6079
6077
6074
6071
6071
6076
6070
6069
6067
6067
6065
6062
6062
6062
6081
6060
6060
6059
6077
6058
6055
6055
6054
6053
6057
6051
6050
6049
6048
6042
6039
6051
6037
6037
6036
6035
6035
6032
6031
6033
6030
6042
6027
6026
6024
6023
6021
6070
6020
6017
6015
6012
6010
6013
6009
6005
6004
6006
6003
6003
6002
6001
6000
6025
5999
5999
5997
5997
5995
5994
5993
5990
5989
5988
5985
5994
5982
5980
5981
5978
5977
5973
5973
5973
5972
5972
5971
5980
5970
5970
5969
5977
5968
5966
5963
5962
5965
5961
5981
5959
5959
5957
5958
5951
5951
5951
5955
5950
5950
5949
5954
5948
5946
5945
5948
5943
5943
5942
5940
5938
5935
5937
5934
5932
5930
5929
5940
5926
5926
5924
5923
5922
5921
5921
5920
5918
5922
5917
5912
5912
5907
5904
5902
5917
5901
5915
5900
5901
5899
5899
5897
5921
5896
5896
5895
5895
5895
5891
5894
5890
5894
5889
5889
5894
5888
5887
5884
5884
5883
5921
5881
5877
5880
5875
5875
5880
5868
5868
5867
5863
5861
5864
5860
5859
5858
5857
5855
5855
5853
5848
5848
5852
5846
5868
5844
5844
5844
5844
5844
5843
5841
5841
5840
5880
5839
5837
5836
5835
5834
5833
5835
5831
5831
5829
5829
5824
5823
5826
5822
5821
5826
5819
5819
5818
5815
5815
5815
5815
5814
5814
5814
5816
5813
5813
5811
5811
5810
5810
5808
5805
5802
5800
5845
5799
5799
5799
5797
5795
5796
5792
5791
5793
5790
5787
5786
5787
5785
5785
5784
5797
5782
5781
5780
5779
5777
5776
5775
5775
5777
5774
5772
5771
5774
5770
5770
5775
5768
5768
5767
5762
5766
5759
5758
5757
5757
5757
5754
5753
5749
5768
5748
5747
5745
5743
5742
5739
5739
5737
5738
5735
5734
5732
5731
5732
5729
5729
5729
5726
5729
5725
5734
5724
5722
5720
5718
5722
5717
5717
5718
5714
5714
5714
5714
5712
5712
5712
5711
5919
5710
5710
5709
5707
5707
5705
5704
5705
5701
5701
5701
5701
5701
5700
5700
5697
5692
5691
5690
5689
5688
5688
5686
5684
5681
5689
5679
5678
5674
5708
5673
5672
5670
5670
5670
5668
5665
5665
5661
5673
5659
5659
5658
5658
5656
5656
5661
5654
5653
5653
5653
5651
5651
5650
5648
5654
5647
5646
5646
5647
5645
5646
5643
5643
5642
5642
5640
5639
5637
5637
5637
5635
5635
5634
5632
5631
5627
5627
5626
5626
5625
5622
5621
5621
5619
5619
5618
5618
5616
5616
5615
5615
5611
5611
5625
5609
5608
5606
5606
5605
5605
5605
5604
5604
5604
5607
5603
5603
5603
5603
5602
5600
5602
5597
5596
5596
5594
5594
5592
5601
5591
5590
5590
5589
5588
5587
5586
5585
5583
5583
5578
5577
5576
5573
5572
5576
5568
5567
5568
5564
5564
5563
5560
5560
5558
5557
5556
5552
5551
5554
5545
5546
5543
5541
5542
5540
5541
5535
5535
5534
5534
5581
5533
5528
5527
5528
5523
5531
5521
5520
5576
5518
5518
5518
5518
5516
5516
5516
5515
5513
5513
5516
5512
5511
5513
5508
5508
5507
5506
5503
5502
5501
5500
5500
5500
5497
5494
5497
5492
5491
5492
5489
5489
5487
5487
5486
5491
5485
5485
5484
5482
5482
5481
5495
5480
5480
5479
5477
5479
5476
5644
5475
5475
5471
5471
5469
5466
5466
5462
5465
5461
5460
5453
5460
5449
5449
5449
5448
5445
5445
5444
5447
5442
5442
5442
5440
5436
5435
5434
5437
5433
5433
5432
5433
5431
5425
5431
5424
5424
5421
5421
5416
5429
5414
5413
5412
5412
5411
5411
5409
5409
5406
5406
5406
5410
5405
5404
5403
5401
5400
5400
5400
5400
5399
5398
5399
5397
5397
5397
5395
5393
5393
5392
5392
5392
5391
5391
5390
5389
5385
5385
5380
5388
5378
5378
5377
5376
5376
5375
5373
5399
5372
5372
5367
5370
5366
5380
5365
5363
5361
5362
5360
5362
5359
5357
5356
5353
5352
5352
5351
5351
5350
5352
5349
5349
5482
5347
5345
5345
5345
5343
5343
5342
5341
5340
5340
5339
5339
5339
5340
5338
5338
5337
5335
5338
5333
5333
5332
5329
5331
5325
5323
5323
5324
5321
5320
5322
5319
5319
5318
5315
5315
5313
5313
5311
5312
5310
5310
5312
5308
5308
5307
5304
5303
5300
5303
5294
5293
5290
5288
5288
5292
5287
5285
5284
5284
5283
5307
5279
5279
5279
5276
5275
5273
5315
5271
5271
5270
5270
5268
5284
5267
5266
5265
5265
5264
5266
5263
5260
5260
5259
5253
5252
5250
5250
5248
5248
5252
5247
5247
5259
5245
5244
5243
5239
5243
5237
5237
5237
5242
5236
5236
5235
5234
5232
5232
5231
5231
5236
5230
5230
5229
5229
5228
5227
5229
5226
5225
5225
5224
5224
5250
5223
5222
5222
5221
5220
5220
5218
5215
5214
5215
5213
5212
5208
5207
5206
5220
5205
5204
5202
5199
5199
5199
5198
5198
5196
5196
5193
5192
5192
5192
5239
5191
5191
5188
5187
5186
5185
5184
5184
5183
5176
5181
5173
5172
5171
5176
5170
5168
5188
5167
5166
5165
5167
5164
5164
5164
5162
5162
5162
5163
5161
5161
5158
5157
5156
5156
5704
5153
5152
5150
5153
5149
5148
5145
5144
5144
5142
5141
5141
5141
5134
5141
5133
5133
5135
5132
5131
5133
5129
5127
5140
5125
5125
5125
5125
5124
5124
5123
5122
5122
5121
5122
5120
5120
5118
5125
5117
5115
5111
5109
5105
5103
5103
5113
5102
5102
5102
5116
5100
5096
5099
5095
5099
5094
5091
5089
5086
5086
5091
5083
5083
5084
5082
5080
5080
5082
5079
5079
5079
5110
5077
5077
5085
5075
5074
5070
5067
5068
5065
5069
5062
5065
5059
5057
5056
5058
5054
5052
5050
5049
5049
5053
5047
5046
5045
5044
5043
5042
5040
5040
5040
5039
5039
5039
5038
5035
5033
5086
5031
5031
5031
5029
5027
5026
5029
5024
5024
5024
5022
5022
5022
5021
5019
5019
5023
5017
5012
5010
5010
5009
5007
5005
5011
5004
5004
5004
5004
4999
5014
4998
4998
4994
4996
4992
4995
4991
4989
4989
4985
4988
4983
4982
4981
4981
4981
5002
4980
4980
4978
4976
4975
4974
4978
4973
4973
4971
4970
4974
4969
4968
4966
4965
4965
4965
4964
4962
4962
4962
4970
4960
4960
4959
4959
4959
4956
6147
4954
4954
4952
4953
4950
4950
4951
4949
4949
4944
4944
4945
4942
4942
4941
4939
4938
4937
4938
4936
4936
4939
4935
4935
4933
4937
4931
4931
4931
4930
4925
4924
4923
4926
4921
4920
4920
4919
4916
4914
4914
4913
4913
4911
4910
4906
4905
4906
4904
4900
4896
4895
4892
4897
4891
4900
4889
4914
4888
4886
4883
4883
4884
4882
4880
4880
4880
4878
4878
4877
4883
4873
4873
4916
4870
4869
4868
4866
4865
4865
4864
4861
4860
4859
4859
4859
4858
4857
4858
4856
4855
4854
4853
4852
4851
4851
4850
4849
4848
4848
4848
4847
4847
4846
4846
4844
4843
4860
4842
4839
4838
4837
4835
4834
4838
4833
4839
4832
4832
4829
4859
4826
4826
4826
4824
4824
4818
4817
4817
4816
4815
4821
4814
4812
4813
4806
4806
4806
4805
4805
4803
4799
4799
4802
4798
4797
4807
4795
4794
4789
4789
4817
4786
4783
4784
4781
4782
4779
4777
4777
4776
4774
4804
4772
4772
4772
4766
4766
4765
4770
4764
4763
4760
4757
4768
4756
4894
4752
4752
4750
4751
4749
4746
4746
4742
4740
4739
4739
4736
4730
4730
4730
4729
4728
4726
4726
4725
4724
4741
4718
4718
4718
4714
4714
4713
4713
4713
4712
4715
4711
4709
4708
4708
4704
4703
4708
4701
4700
4720
4699
4699
4697
4699
4696
4699
4695
4693
4693
4690
4690
4690
4688
4695
4687
4686
4686
4685
4684
4687
4683
4681
4680
4680
4677
4674
4674
4673
4672
4673
4668
4667
4666
4664
4663
4659
4661
4658
4662
4657
4655
4654
4656
4652
4651
4650
4649
4648
4648
4657
4646
4648
4645
4645
4640
4642
4638
4637
4637
4636
4634
4631
4637
4630
4628
4628
4629
4627
4627
4624
4638
4621
4619
4618
4616
4616
4626
4613
4612
4611
4608
4626
4607
4605
4604
4603
4604
4601
4600
4600
4598
4597
4599
4594
4589
4587
4587
4586
4584
4608
4583
4581
4579
4578
4578
4577
4577
4577
4576
4575
4578
4574
4573
4573
4571
4571
4569
4568
4567
4568
4566
4566
4562
4562
4559
4557
4564
4555
4555
4555
4555
4560
4554
4554
4552
4548
4550
4544
4544
4554
4543
4697
4541
4541
4540
4540
4539
4537
4537
4541
4536
4534
4535
4533
4532
4532
4533
4531
4531
4528
4528
4524
4519
4522
4518
4518
4518
4517
4515
4510
4507
4506
4517
4505
4508
4504
4503
4503
4500
4498
4500
4494
4494
4494
4512
4492
4489
4488
4488
4489
4486
4485
4486
4484
4483
4480
4482
4479
4478
4483
4477
4476
4476
4531
4474
4469
4469
4467
4463
4466
4462
4468
4461
4460
4458
4456
4455
4453
4453
4455
4451
4451
4449
4448
4449
4447
4446
4444
4442
4439
4438
4438
4437
4436
4436
4434
4434
4455
4433
4433
4433
4432
4459
4431
4430
4427
4447
4424
4421
4420
4419
4419
4418
4418
4417
4416
4415
4414
4415
4413
4414
4410
4416
4407
4406
4403
4398
4393
4393
4393
4391
4392
4389
4388
4388
4385
4387
4383
4383
4394
4380
4379
4378
4378
4377
4377
4383
4374
4374
4374
4373
4373
4507
4372
4371
4370
4369
4368
4367
4365
4362
4361
4361
6112
4359
4358
4357
4358
4356
4356
4358
4355
4355
4354
4351
4351
4350
4347
4346
4346
4350
4345
4345
4343
4353
4342
4342
4342
4341
4340
4339
4338
4334
4337
4330
4330
4333
4327
4326
4348
4324
4321
4319
4319
4318
4324
4317
4316
4316
4314
4308
4307
4306
4305
4304
4303
4300
4299
4303
4297
4297
4294
4296
4291
4290
4305
4289
4311
4288
4288
4286
4285
4285
4281
4280
4286
4279
4274
4274
4271
4269
4269
4268
4279
4266
4264
4264
4262
4275
4256
4254
4255
4253
4253
4311
4251
4249
4247
4247
4245
4245
4243
4282
4242
4242
4241
4240
4240
4240
4240
4238
4238
4237
4236
4272
4235
4234
4234
4232
4314
4230
4230
4230
4229
4228
4228
4224
4221
4217
4218
4212
4211
4209
4210
4207
4215
4205
4201
4201
4198
4196
4225
4194
4193
4222
4187
4184
4183
4181
4180
4180
4179
4176
4175
4173
4172
4172
4173
4168
4166
4165
4181
4164
4164
4172
4163
4162
4161
4160
4161
4159
4157
4158
4156
4155
4154
4159
4153
4155
4152
4151
4174
4150
4150
4147
4149
4146
4148
4145
4144
4144
4143
4145
4142
4142
4141
4140
4137
4137
4134
4139
4131
4131
4151
4130
4167
4128
4127
4125
4124
4122
4122
4135
4121
4120
4119
4117
4117
4114
4112
4111
4114
4110
4109
4109
4109
4111
4108
4107
4107
4106
4106
4105
4106
4102
4101
4098
4097
4098
4096
4096
4096
4119
4095
4092
4094
4091
4090
4089
4086
4085
4090
4084
4084
4082
4078
4079
4074
4076
4073
4071
4085
4070
4070
4084
4069
4219
4067
4067
4066
4063
4066
4060
4063
4057
4056
4054
4053
4055
4050
4048
4059
4047
4047
4047
4047
4046
4046
4046
4045
4044
4043
4052
4039
4039
4038
4034
4039
4033
4033
4030
4033
4028
4032
4027
4026
4024
4023
4023
4022
4021
4020
4021
4019
4019
4019
4017
4015
4014
4013
4012
4016
4011
4011
4011
4010
4010
4009
4018
4008
4008
4006
4005
4006
4004
4003
4002
4005
4000
4000
4000
4000
3999
4000
3998
3998
3994
6437
3993
3993
3990
3990
3986
3988
3982
3982
3989
3980
3978
3975
3975
3974
3979
3973
3972
3987
3971
3971
3971
3967
3967
3965
3960
3960
3962
3958
3958
3966
3956
3955
3955
3954
3968
3953
3951
3952
3950
3948
3948
3946
3944
3944
3942
3941
3941
3943
3939
3938
3938
3938
3987
3937
3934
3937
3933
3932
3932
3927
3932
3926
3926
3926
3923
3933
3921
3919
3918
3914
3911
3910
3910
3917
3909
3907
3908
3906
3901
3901
3907
3899
3899
3899
3898
3904
3896
3895
3892
3891
3890
3887
3887
3886
3887
3885
3885
3885
3880
3880
3879
3884
3878
3876
3876
3878
3873
3873
3870
3869
3869
3868
3868
3867
3865
3865
3866
3864
3864
3863
3862
3861
3860
3859
3859
3858
3857
3856
3853
3850
3849
3862
3847
3847
3857
3846
3842
3845
3841
3840
3837
3844
3836
3836
3833
3855
3831
3831
3829
3828
3825
3822
3821
3818
3822
3816
3816
3813
3811
3813
3810
3809
3809
3808
3807
3818
3804
3804
3801
3799
3798
3799
3797
3792
3794
3791
3790
3801
3789
3787
3786
3784
3784
3779
3778
3775
3774
3773
3773
3773
3772
3772
3772
3771
3771
3769
3773
3768
3762
3758
3758
3757
3754
3753
3753
3749
3749
3749
3749
3746
3746
3750
3743
3743
3748
3742
3742
3751
3741
3740
3738
3736
3738
3735
3735
3732
3731
3731
3729
3729
3729
3734
3727
3727
3726
3725
3725
3727
3723
3721
3721
3779
3720
3903
3719
3718
3718
3717
3716
3714
3713
3712
3711
3709
3717
3708
3708
3706
3704
3700
3699
3699
3713
3697
3696
3695
3696
3693
3692
3692
3692
3691
3689
3691
3687
3686
3684
3682
3681
3690
3678
3677
3676
3674
3717
3673
3673
3671
3667
3667
3666
3665
3663
3984
3662
3662
3660
3659
3660
3658
3656
3658
3655
3655
3654
3655
3653
3647
3644
3647
3642
3640
3638
3638
3638
3638
3638
3637
3642
3635
3634
3634
3637
3633
3632
3632
3631
3630
3631
3629
3629
3627
3626
3626
3625
3624
3625
3623
3623
3622
3622
3621
3621
3620
3616
3616
3616
3618
3614
3612
3612
3610
3608
3608
3608
3608
3607
3607
3605
3606
3604
3604
3603
3604
3600
3602
3599
3598
3598
3597
3598
3596
3595
3591
3589
3588
3587
3604
3585
3589
3584
3584
3583
3695
3582
3582
3579
3578
3576
3576
3581
3575
3579
3573
3573
3570
3573
3569
3572
3566
3566
3564
3561
3557
3557
3556
3549
3547
3546
3549
3545
3546
3544
3544
3575
3542
3542
3542
3542
3542
3541
3541
3541
3539
3538
3537
3536
3536
3535
3534
3533
3534
3530
3530
3530
3530
3530
3525
3525
3522
3521
3519
3517
3520
3513
3516
3512
3511
3509
3519
3508
3503
3517
3502
3502
3501
3500
3500
3497
3500
3496
3495
3495
3493
3491
3491
3491
3490
3491
3487
3486
3506
3485
3485
3482
3482
3480
3479
3479
3478
3472
3471
3469
3470
3468
3466
3467
3464
3508
3463
3461
3458
3458
3455
3457
3453
3452
3455
3451
3450
3449
3449
3447
3445
3509
3444
3444
3442
3442
3441
3444
3440
3440
3439
3437
3436
3434
3442
3433
3435
3432
3430
3429
3428
3428
3428
3428
3427
3425
3424
3424
3427
3423
3421
3416
3414
3412
3412
3410
3409
3408
3407
3416
3406
3404
3400
3399
3399
3397
3397
3406
3396
3396
3395
3394
3393
3392
3389
3392
3386
3391
3383
3382
3379
3378
3377
3379
3375
3375
3430
3374
3373
3371
3372
3369
3369
3368
3367
3366
3368
3361
3369
3360
3360
3359
3359
3356
3356
3354
3371
3353
3352
3351
3351
3349
3348
3346
3345
3344
3343
3368
3342
3340
3339
3338
3337
3338
3335
3334
3333
3332
3335
3329
3329
3324
3325
3323
3326
3322
3322
3321
3321
3320
3319
3319
3312
3309
3309
3307
3307
3302
3300
3333
3298
3298
3297
3296
3296
3297
3294
3340
3291
3288
3288
3288
3287
3340
3286
3286
3284
3282
3282
3282
3281
3279
3275
3278
3269
3270
3268
3267
3267
3266
3264
3256
3269
3254
3253
3257
3249
3249
3248
3246
3246
3245
3244
3242
3240
3237
3236
3235
3243
3234
3234
3231
3230
3229
3229
3228
3227
3227
3220
3222
3219
3218
3217
3216
3215
3216
3212
3219
3211
3211
3208
3399
3206
3206
3205
3205
3200
3199
3199
3198
3198
3199
3197
3195
3205
3194
3191
3190
3190
3190
3193
3188
3187
3187
3193
3185
3185
3182
3181
3181
3180
3179
3178
3176
3177
3175
3174
3174
3173
3171
3172
3170
3169
3167
3167
3175
3166
3164
3162
3162
3173
3161
3161
3159
3161
3158
3157
3157
3158
3156
3160
3154
3154
3182
3153
3150
3147
3148
3146
3144
3140
3141
3139
3139
3135
3138
3134
3135
3133
3132
3131
3129
3126
3121
3121
3130
3120
3119
3127
3118
3118
3118
3118
3117
3115
3116
3114
3116
3113
3112
3112
3137
3111
3110
3109
3110
3106
3103
3105
3099
3097
3095
3093
3102
3092
3090
3084
3083
3082
3080
3080
3078
3078
3075
3080
3074
3086
3073
3073
3072
3072
3070
3067
3082
3066
3064
3062
3063
3061
3061
3065
3060
3059
3057
3111
3056
3056
3056
3056
3056
3053
3048
3046
3044
3043
3042
3040
3040
3904
3039
3038
3038
3036
3036
3037
3033
3032
3032
3033
3027
3030
3026
3025
3025
3024
3028
3023
3022
3021
3020
3018
3018
3018
3020
3016
3013
3011
3009
3013
3007
3007
3007
3034
3006
3004
3006
2996
2995
2992
2990
2990
2989
2987
2994
2985
2991
2980
2980
2979
2988
2978
2972
2973
2970
2967
2966
2966
2966
2964
2962
3002
2959
2958
2956
2955
2954
2958
2953
2946
2945
2945
2948
2944
2941
2937
2935
2932
2928
2928
2929
2926
2925
2920
2921
2918
2917
2916
2914
2913
2940
2907
2907
2906
2906
2905
2905
2904
2899
2902
2896
2895
2894
2893
2893
2892
2894
2891
2892
2890
2890
2890
2897
2889
2889
2887
2886
2886
2885
2884
2881
2881
2889
2879
2876
2875
2874
2880
2871
2871
2870
2870
2867
2937
2866
2866
2865
2863
2862
2861
2856
2863
2854
2858
2848
2847
2847
2843
2844
2840
2840
2840
2838
2836
2836
2833
2838
2832
2867
2831
2831
2829
2829
2828
2827
2828
2826
2826
2825
2824
2823
2823
2926
2822
2821
2821
2820
2819
2820
2817
2817
2818
2816
2815
2815
2820
2813
2813
2813
2813
2812
2810
2810
2809
2808
2807
2806
2805
2809
2804
2804
2803
2803
2803
2802
2799
2802
2797
2795
2795
2795
2803
2793
2792
2790
2790
2788
2786
2783
2783
2899
2782
2782
2782
2780
2778
2777
2782
2775
2775
2774
2770
2771
2768
2768
2767
2766
2765
2764
2763
2763
2762
2761
2761
2761
2759
2898
2757
2757
2756
2756
2987
2755
2755
2753
2752
2751
2751
2751
2751
2750
2749
2748
2745
2747
2744
2744
2743
2743
2743
2740
2739
2737
2737
2736
2737
2735
2734
2733
2733
2731
2730
2729
2729
2732
2726
2731
2725
2724
2724
2724
2723
2722
2721
2720
2719
2719
2718
2722
2717
2712
2711
2710
2709
2709
2708
2707
2706
2705
2705
2708
2703
2703
2703
2704
2701
2718
2700
2700
2699
2699
2699
2711
2697
2697
2717
2696
2695
2696
2694
2694
2693
2693
2743
2692
2690
2689
2692
2688
2687
2688
2686
2686
2686
2685
2684
2684
2682
2681
2679
2679
2679
2681
2678
2677
2708
2675
2672
2671
2672
2670
2669
2672
2668
2668
2668
2665
2728
2663
2663
2662
2662
2662
2660
2661
2657
2655
2654
2657
2651
2650
2650
2650
2649
2649
2648
2647
2647
2646
2645
2645
2645
2649
2643
2641
2639
2639
2639
2640
2638
2638
2637
2637
2637
2637
2636
2636
2637
2634
2637
2632
2630
2631
2628
2628
2627
2626
2631
2624
2624
2623
2623
2623
2622
2622
2628
2621
2621
2620
2620
2619
2616
2614
2613
2613
2612
2612
2612
2610
2605
2604
2606
2601
2601
2602
2599
2599
2599
2598
2598
2597
2596
2595
2594
2594
2595
2592
2592
2592
2591
2590
2591
2589
2589
2589
2586
2583
2583
2583
2582
2583
2581
2581
2587
2578
2576
2576
2575
2625
2574
2574
2573
2573
2573
2573
2573
2572
2568
2568
2568
2567
2566
2567
2565
2565
2562
2561
2559
2562
2558
2558
2557
2557
2555
2555
2558
2554
2554
2552
2557
2547
2547
2547
2544
2544
2543
2566
2540
2540
2538
2536
2538
2532
2531
2531
2528
2528
2572
2525
2523
2523
2521
2519
2518
2518
2518
2515
2512
2511
2522
2509
2508
2508
2508
2508
2507
2507
2516
2506
2506
2505
2518
2504
2523
2503
2503
2522
2500
2500
2498
2497
2496
2495
2498
2494
2492
2492
2492
2491
2572
2490
2488
2488
2487
2489
2483
2483
2483
2482
2482
2483
2481
2483
2478
2483
2475
2474
2473
2473
2472
2472
2472
2470
2471
2467
2467
3004
2466
2464
2460
2460
2466
2459
2459
2458
2456
2457
2455
2455
2465
2453
2450
2448
2447
2446
2444
2444
2442
2441
2441
2447
2440
2440
2439
2438
2437
2438
2436
2436
2453
2435
2432
2435
2430
2429
2428
2428
2427
2465
2426
2426
2425
2425
2425
2425
2424
2445
2423
2423
2423
2421
2421
2420
2419
2418
2416
2414
2414
2413
2412
2411
2416
2410
2410
2410
2410
2410
2410
2409
2409
2409
2408
2532
2407
2407
2407
2403
2402
2403
2401
2400
2400
2399
2400
2398
2398
2398
2396
2396
2395
2395
2391
2389
2398
2387
2387
2387
2384
2384
2384
2383
2383
2383
2382
2382
2381
2380
2379
2379
2378
2375
2373
2371
2371
2376
2370
2369
2368
2368
2397
2367
2366
2366
2366
2365
2362
2360
2359
2364
2358
2358
2357
2381
2356
2355
2354
2354
2354
2355
2353
2352
2349
2349
2349
2350
2348
2347
2347
2346
2345
2344
2343
2342
2342
2342
2341
2341
2342
2340
2338
2336
2335
2335
2340
2334
2334
2333
2333
2327
2326
2326
2324
2331
2321
2321
2321
2319
2325
2318
2316
2316
2316
2332
2315
2315
2314
2314
2314
2313
2313
2313
2312
2311
2308
2305
2305
2304
2301
2299
2305
2298
2298
2297
2298
2295
2295
2311
2293
2304
2291
2287
2285
2285
2284
2286
2282
2290
2281
2280
2280
2280
2279
2279
2278
2278
2278
2277
2348
2276
2275
2274
2275
2272
2272
2296
2271
2271
2271
2270
2270
2270
2269
2269
2268
2268
2267
2267
2269
2266
2270
2264
2264
2262
2262
2263
2260
2259
2257
2257
2256
2256
2256
2256
2256
2255
2255
2255
2254
2253
2253
2252
2252
2250
2250
2249
2249
2248
2248
2246
2243
2241
2240
2238
2237
2237
2235
2233
2233
2234
2232
2232
2232
2237
2231
2230
2230
2228
2228
2228
2227
2226
2226
2225
2225
2225
2224
2224
2225
2223
2223
2220
2219
2219
2218
2221
2217
2217
2216
2216
2215
2215
2215
2217
2214
2212
2214
2211
2212
2210
2210
2209
2209
2209
2208
2208
2207
2207
2205
2205
2222
2203
2203
2203
2203
2202
2202
2201
2201
2200
2201
2199
2198
2197
2196
2195
2192
2193
2189
2189
2198
2188
2187
2187
2186
2186
2185
2183
2188
2181
2181
2180
2179
2179
2184
2178
2178
2178
2176
2176
2177
2174
2178
2172
2172
2211
2171
2171
2171
2171
2171
2170
2170
2168
2167
2167
2166
2167
2165
2165
2165
2165
2164
2163
2405
2162
2161
2161
2160
2160
2156
2154
2153
2153
2153
2152
2151
2226
2150
2150
2146
2146
2146
2149
2144
2143
2143
2141
2138
2137
2148
2136
2136
2149
2134
2132
2131
2130
2129
2129
2129
2129
2129
2128
2127
2130
2126
2126
2125
2125
2123
2123
2122
2122
2123
2121
2119
2119
2125
2118
2116
2116
2114
2114
2114
2114
2112
2112
2150
2111
2111
2111
2109
2109
2108
2108
2107
2106
2106
2105
2104
2104
2101
2101
2109
2096
2096
2090
2087
2088
2084
2084
2081
2081
2080
2079
2079
2078
2076
2075
2075
2074
2073
2073
2099
2072
2072
2072
2072
2072
2070
2069
2068
2067
2067
2066
2065
2065
2070
2063
2063
2065
2062
2061
2060
2060
2059
2060
2058
2058
2056
2058
2052
2052
2060
2051
2050
2051
2049
2048
2048
2047
2047
2051
2046
2046
2100
2045
2042
2041
2045
2040
2040
2039
2038
2035
2036
2033
2033
2032
2032
2031
2040
2030
2028
2027
2027
2026
2026
2024
2024
2023
2039
2022
2021
2020
2021
2019
2017
2014
2018
2011
2011
2010
2009
2008
2008
2005
2005
2018
2004
2004
2002
2001
2001
2004
2000
2000
1999
1999
1999
2038
1998
1998
1998
1997
1996
1994
1998
1991
1990
1990
1990
1988
1988
1988
1987
1986
1984
1982
1980
1979
1978
1978
1976
1976
1975
1975
1975
1975
1988
1974
1973
1973
1971
1971
1970
1970
1970
1970
1997
1969
1967
1969
1966
1966
1965
1965
1965
1965
1965
1964
1961
1959
1959
1958
1958
1960
1957
1956
1956
1963
1951
1950
1950
1949
1949
1948
1948
1947
1959
1946
1945
1943
1942
1941
1940
1940
1940
1937
1937
1937
1936
1937
1935
1935
1934
1932
1931
1932
1929
1920
1924
1918
1917
1917
1920
1916
1927
1914
1913
1912
1911
1909
1907
1907
1908
1905
1912
1904
1904
1903
1901
1899
1901
1898
1897
2788
1896
1896
1896
1895
1895
1895
1894
1894
1894
1894
1893
1893
1892
1889
1887
1886
1884
1887
1883
1879
1882
1877
1876
1881
1874
1874
1873
1873
1873
1871
1872
1869
1878
1867
1867
1864
1864
1867
1861
1860
1859
1861
1858
1858
1855
1855
1854
1855
1853
1851
1851
1850
1846
1846
1845
1845
1845
1844
1844
1853
1843
1842
1841
1841
1838
1836
1839
1834
1834
1834
1831
1894
1830
1829
1828
1827
1826
1826
1825
1825
1824
1830
1822
1822
1821
1821
1820
1820
1819
1818
1817
1816
1813
1813
1812
1811
1811
1810
1809
1808
1808
1818
1807
1807
1802
1801
1804
1799
1812
1798
1798
1796
1798
1795
1792
1790
1790
1789
1787
1787
1787
1785
1784
1784
1790
1783
1783
1783
1783
1782
1781
1779
1781
1778
1778
1778
1776
1775
1783
1773
1773
1772
1772
1773
1770
1770
1769
1768
1767
1765
1765
1762
1763
1761
1761
1759
1759
1768
1758
1758
1755
1755
1758
1754
1754
1753
1752
1752
1751
1750
1748
1747
1747
1748
1746
1749
1743
1742
1743
1741
1741
1740
1739
1739
1738
1757
1736
1736
1735
1735
1733
1732
1730
1728
1731
1727
1726
1725
1724
1724
1723
1724
1722
1722
1722
1717
1717
1714
1714
1713
1709
1708
1715
1707
1707
1707
1706
1706
1705
1706
1699
1699
1699
1704
1698
1695
1694
1692
1692
1691
1690
1694
1685
1688
1684
1684
1683
1684
1681
1680
1679
1681
1678
1678
1678
1678
1680
1677
1677
1676
1675
1674
1674
1674
1672
1670
1671
1669
1669
1672
1668
1668
1667
1679
1666
1665
1666
1663
1704
1662
1662
1662
1660
1659
1657
1657
1656
1654
1656
1652
1651
1655
1650
1648
1646
1644
1643
1643
1643
1641
1641
1640
1640
1640
1654
1639
1639
1639
1637
1635
1634
1630
1633
1629
1652
1628
1628
1628
1627
1722
1626
1624
1624
1623
1623
1622
1622
1620
1620
1617
1616
1615
1615
1614
1613
1611
1612
1610
1609
1620
1608
1606
1606
1605
1605
1604
1606
1602
1601
1600
1600
1600
1599
1598
1596
1597
1595
1595
1597
1594
1594
1594
1594
1609
1593
1592
1592
1589
1589
1589
1588
1588
1588
1589
1586
1583
1585
1581
1581
1581
1579
1575
1582
1574
1571
1571
1570
1570
1570
1570
1570
1570
1573
1569
1568
1568
1568
1569
1567
1567
1566
1565
1565
1562
1562
1562
1589
1559
1559
1559
1559
1558
1558
1557
1569
1556
1556
1552
1555
1551
1549
1549
1549
1555
1548
1544
1544
1544
1542
1542
1541
1541
1541
1542
1539
1538
1538
1536
1536
1535
1534
1533
1533
1533
1532
1531
1529
1528
1529
1527
1533
1526
1526
1526
1524
1523
1523
1519
1519
1516
1516
1515
1514
1513
1512
1511
1522
1510
1510
1510
1510
1509
1508
1508
1508
1520
1507
1507
1505
1505
1503
1501
1503
1500
1500
1499
1498
1496
1495
1494
1494
1517
1493
1493
1493
1492
1491
1491
1491
1490
1490
1490
1489
1488
1487
1486
1486
1484
1483
1482
1480
1477
1476
1482
1475
1472
1474
1470
1470
1469
1469
1481
1468
1465
1466
1464
1463
1463
1462
1477
1461
1460
1460
1460
1460
1460
1459
1457
1459
1455
1455
1454
1453
1453
1456
1452
1451
1445
1451
1444
1442
1441
1440
1439
1439
1441
1438
1438
1438
1437
1471
1435
1435
1435
1434
1434
1434
1433
1433
1432
1430
1431
1429
1432
1428
1428
1428
1427
1428
1426
1426
1422
1425
1421
1420
1419
1419
1421
1417
1417
1420
1416
1416
1416
1415
1413
1413
1407
1406
1410
1405
1413
1403
1403
1403
1402
1402
1402
1401
1400
1399
1403
1398
1398
1398
1398
1398
1397
1397
1397
1393
1392
1391
1390
1389
1390
1388
1388
1387
1390
1386
1386
1385
1382
1381
1381
1379
1379
1385
1377
1377
1377
1376
1376
1380
1373
1373
1373
1371
1380
1370
1370
1369
1370
1368
1367
1395
1366
1366
1365
1365
1363
1363
1359
1362
1358
1357
1357
1357
1356
1365
1352
1351
1348
1349
1347
1457
1346
1346
1345
1345
1346
1342
1341
1341
1341
1341
1339
1339
1338
1338
1338
1337
1337
1333
1333
1332
1331
1330
1330
1337
1327
1340
1326
1326
1325
1325
1324
1346
1323
1321
1321
1319
1319
1318
1318
1320
1317
1317
1317
1319
1316
1316
1314
1313
1316
1309
1308
1307
1307
1305
1305
1305
1303
1305
1302
1302
1323
1301
1301
1300
1297
1297
1294
1294
1293
1293
1299
1292
1292
1292
1292
1292
1291
1292
1290
1289
1288
1291
1287
1283
1283
1283
1283
1282
1282
1280
1280
1287
1279
1279
1278
1281
1277
1277
1276
1275
1275
1275
1274
1277
1273
1272
1271
1271
1270
1269
1267
1267
1267
1265
1267
1263
1263
1263
1261
1257
1261
1256
1254
1255
1253
1253
1251
1251
1249
1249
1265
1248
1248
1248
1246
1246
1244
1244
1244
1244
1243
1248
1242
1268
1241
1241
1240
1274
1239
1239
1239
1237
1234
1237
1233
1233
1232
1231
1231
1235
1225
1319
1224
1222
1222
1221
1220
1219
1217
1216
1219
1215
1215
1215
1212
1212
1212
1211
1211
1213
1210
1210
1210
1210
1209
1207
1207
1206
1206
1206
1205
1204
1203
1301
1202
1202
1199
1199
1201
1198
1198
1198
1194
1192
1191
1189
1196
1187
1183
1183
1182
1181
1193
1180
1180
1186
1179
1179
1179
1179
1179
1175
1175
1174
1185
1173
1173
1173
1171
1168
1167
1170
1165
1165
1164
1164
1167
1163
1167
1162
1162
1162
1162
1161
1159
1159
1158
1158
1157
1156
1157
1155
1155
1154
1152
1151
1151
1151
1157
1149
1149
1147
1147
1147
1147
1145
1159
1144
1144
1144
1143
1143
1142
1140
1140
1142
1139
1139
1140
1138
1138
1138
1138
1137
1136
1137
1134
1134
1133
1134
1129
1129
1129
1129
1127
1129
1126
1126
1126
1125
1125
1128
1124
1129
1123
1122
1121
1121
1120
1120
1145
1119
1119
1119
1119
1117
1117
1117
1115
1113
1112
1113
1109
1109
1108
1116
1107
1107
1107
1107
1127
1105
1105
1105
1105
1104
1104
1101
1101
1104
1100
1099
1098
1098
1097
1097
1097
1096
1096
1095
1095
1094
1093
1094
1092
1103
1091
1090
1088
1192
1087
1086
1087
1085
1085
1084
1085
1080
1079
1079
1079
1085
1077
1077
1077
1076
1074
1073
1077
1070
1070
1080
1068
1067
1067
1066
1066
1066
1068
1064
1063
1061
1060
1058
1055
1066
1054
1054
1053
1052
1059
1051
1051
1050
1047
1045
1048
1044
1042
1042
1041
1040
1039
1068
1038
1036
1036
1036
1034
1048
1033
1033
1032
1032
1027
1027
1026
1026
1026
1026
1024
1024
1024
1022
1020
1019
1019
1021
1016
1014
1012
1011
1009
1012
1008
1008
1008
1008
1007
1007
1006
1006
1004
1002
1004
1001
1000
998
998
998
997
996
1017
995
993
993
993
1016
990
990
988
990
986
987
985
985
983
982
985
980
979
979
979
976
980
975
975
971
971
971
990
970
969
969
968
968
967
966
965
965
965
973
960
960
960
960
959
958
956
957
955
955
953
954
952
952
952
951
952
950
950
950
950
948
942
948
941
940
940
939
949
938
938
937
937
946
936
934
935
933
934
932
932
932
931
929
932
928
928
928
926
926
924
924
923
923
922
921
921
920
917
917
916
920
915
919
914
914
914
912
912
909
906
906
913
904
903
911
902
902
902
898
898
897
897
918
896
893
892
892
892
892
890
890
889
889
909
888
888
888
888
885
884
883
881
881
880
887
879
879
879
878
878
877
876
874
874
876
872
871
871
870
870
870
869
869
869
868
870
866
883
865
864
864
863
863
863
862
877
861
859
859
858
856
855
855
854
860
851
851
850
849
851
848
847
845
851
844
849
843
842
842
842
842
841
841
840
843
839
839
837
835
835
835
835
838
834
834
834
833
831
831
830
830
830
829
829
829
827
865
826
822
821
821
821
819
818
824
816
816
815
817
814
814
814
814
811
821
810
809
809
806
806
805
805
818
804
804
801
799
800
796
795
804
794
794
793
791
790
790
790
789
788
788
786
784
783
782
780
789
777
775
775
785
773
773
774
770
770
804
768
767
766
766
766
767
765
765
764
762
765
761
757
754
758
753
753
755
752
799
751
751
750
748
747
745
744
743
743
742
741
741
739
738
737
769
736
735
734
734
734
729
725
727
724
724
724
730
723
722
720
720
722
719
717
717
716
715
715
719
714
714
712
712
713
711
711
711
732
710
710
708
708
708
707
706
729
704
699
700
698
696
690
690
690
701
689
703
688
688
687
687
687
684
684
685
681
680
683
679
677
703
673
673
672
672
690
671
670
667
667
665
664
664
664
675
663
663
663
661
661
661
659
658
657
656
655
655
655
652
650
650
651
648
648
648
659
646
646
645
645
644
643
643
642
647
641
638
638
636
636
635
634
644
633
633
631
631
630
658
629
627
628
625
624
624
623
624
620
620
618
618
618
617
616
616
615
615
614
614
614
610
610
615
609
609
608
608
693
607
607
605
603
603
600
597
596
595
594
594
590
590
591
589
602
588
588
587
586
583
583
582
582
591
580
580
580
579
578
577
577
602
576
576
576
575
574
572
572
572
573
571
576
570
570
570
569
569
569
570
568
567
566
566
566
566
602
565
561
561
561
560
560
559
559
558
557
562
555
555
554
553
552
555
550
550
550
548
561
546
545
544
540
541
536
536
539
535
535
532
532
530
530
527
526
525
534
524
523
522
519
519
516
516
517
515
514
518
512
512
512
511
512
510
509
535
507
507
507
507
506
506
506
505
503
503
503
503
501
501
501
500
499
498
497
496
496
495
494
493
493
586
492
489
488
488
488
487
486
485
485
484
485
482
482
481
482
480
481
479
478
477
479
476
486
474
472
469
467
467
474
466
466
475
465
465
464
464
464
464
463
460
460
457
454
454
452
457
448
447
446
446
457
445
443
443
442
443
440
440
440
451
439
439
439
439
622
438
438
437
437
436
433
431
433
430
430
432
429
427
427
426
426
428
424
429
422
422
420
420
419
419
420
418
420
417
416
416
416
416
416
416
411
411
410
411
409
409
409
408
407
406
405
407
404
409
403
403
403
403
403
402
402
402
403
401
401
401
401
429
400
399
398
397
395
394
394
397
392
392
391
391
390
387
391
386
388
385
385
383
383
381
380
380
380
379
381
378
375
378
374
373
373
371
370
369
366
364
362
364
361
360
371
359
359
359
358
358
354
355
352
352
351
351
351
350
364
349
344
344
346
343
343
341
340
339
339
338
336
335
334
333
335
332
331
331
347
330
329
328
327
326
329
325
323
325
322
322
322
322
321
318
316
316
321
315
329
314
314
313
314
312
311
311
311
310
310
309
309
308
334
307
307
307
307
314
306
302
301
300
299
298
298
292
294
291
291
290
289
287
290
284
290
283
283
282
278
278
285
277
276
275
275
273
273
272
272
290
270
269
269
295
268
268
267
268
266
262
262
261
260
259
262
257
257
257
256
254
254
253
252
252
248
248
253
247
246
247
244
243
262
242
237
242
235
237
233
230
230
230
229
226
226
226
225
251
223
220
219
223
218
218
217
217
217
221
216
216
215
210
207
216
206
206
204
204
203
215
202
202
230
201
200
196
201
194
194
193
193
193
192
191
189
189
189
188
189
186
185
191
184
181
180
180
181
179
179
179
178
177
190
174
174
174
174
173
326
171
169
167
166
166
165
165
164
163
163
163
162
162
169
161
161
160
160
160
160
159
157
155
159
154
154
154
152
154
151
151
150
159
149
146
146
149
145
145
144
144
143
140
139
139
137
136
135
134
138
130
130
128
128
128
129
127
126
125
125
139
124
124
122
122
120
120
119
116
114
129
113
113
112
112
111
111
111
109
108
107
108
104
104
104
103
103
103
101
101
102
100
100
100
99
99
98
95
95
94
93
93
93
93
91
91
92
89
89
90
88
88
88
88
87
116
86
86
86
85
85
85
83
83
83
82
82
159
80
80
78
78
77
77
79
76
76
74
74
73
73
74
72
70
69
67
66
66
65
64
77
62
62
61
61
61
60
60
77
59
58
57
56
54
54
52
55
48
48
48
48
46
46
44
50
43
42
36
36
39
35
35
35
34
34
33
32
31
23
30
20
20
17
16
30
13
12
11
13
10
42
8
8
8
8
6
6
6
5
3
2
2
1
