1430
7772
8037
1708
690
7374
8577
977
3879
880
2793
2904
8248
9724
4903
1615
7274
7200
1304
1206
1550
2221
2968
1827
8065
475
2013
8278
8464
2672
7447
3743
2000
8097
8822
9887
5884
1655
44
2733
1984
2630
1892
1354
5062
7162
6916
214
4095
3139
5535
2645
4021
6898
2110
6108
1934
7668
8272
5409
1523
2815
1487
3682
8690
9995
8469
3492
5537
979
1583
7423
4596
9228
9201
2007
3696
9381
6186
9471
3345
6895
378
9433
2729
8142
625
6753
2202
897
5193
8715
2198
7215
374
3914
4917
5251
8749
6482
5335
937
9699
6496
7258
7769
1624
2345
4366
532
5683
5904
887
764
528
1836
4003
8553
1672
777
6013
1385
7295
3902
497
2344
7347
4607
1760
4976
5587
8195
551
8370
8671
9769
1483
1910
5759
1831
1335
2176
4455
1635
4090
6371
8681
2101
7595
8138
3419
796
7550
1381
7722
1424
6011
9313
8959
4297
109
3003
4609
8254
7112
6454
8859
7120
287
2490
6832
9144
2293
7744
9324
6078
9058
828
621
8924
2840
6010
5650
3954
8663
9692
9315
955
8990
9410
2305
1584
4050
2491
8366
9963
3300
8540
8400
6799
8190
7983
5298
9414
1742
3613
428
9787
631
2270
133
217
6964
9760
390
1299
8238
615
7376
5846
3728
5796
3329
6204
9176
6553
3571
306
2513
2620
1509
4348
5680
4042
3006
2520
7611
5262
8447
3376
7920
9858
2392
7572
9541
7781
1278
1175
1132
6701
3068
8665
714
4575
2983
9653
2583
3165
9399
1019
3272
1327
5714
3681
4748
5653
1499
3718
1876
8348
139
295
471
3775
5039
101
5268
9712
6963
7527
9241
9831
8316
6732
7251
954
8300
1795
7335
7486
3650
3055
6449
7469
6320
8773
6123
3288
2017
1320
9937
3167
42
6823
402
766
9872
5060
3961
5994
2171
7129
4892
7373
906
5511
8533
4782
4087
3631
768
6773
9356
1044
8036
5725
4710
6432
2037
1211
7192
4550
9545
7422
6003
4840
266
295
85
9994
556
8315
9408
2358
7455
7718
1085
7986
4870
8850
1232
5151
8953
1001
3710
1603
4681
5416
44
4602
690
7476
2121
9080
805
689
4719
9058
1351
8385
6870
589
7876
9162
26
5655
6728
283
6030
821
1695
7823
3936
3020
1163
6707
831
7797
7079
8805
4795
2986
7322
2862
6059
5334
8941
2722
2357
7021
1984
6548
2810
1750
2794
9503
3151
2290
5088
1043
7075
9896
4024
3773
6942
8431
6479
8682
4535
9136
2119
7261
281
5194
372
7471
5191
4648
9833
5142
2237
9105
927
90
7417
5902
8374
9411
1225
8673
2575
5927
791
307
7529
643
2770
942
7178
9975
2799
9885
737
2327
2832
9362
7018
9663
5396
3110
6177
9752
4384
8518
9514
872
7131
6379
7264
6366
7232
2970
6269
2958
9599
3598
234
2554
2789
179
4279
2962
526
5221
7293
7420
2088
4760
1474
6056
9482
6025
8557
2990
436
6836
3978
3481
857
2967
7232
5255
7466
7255
9217
2881
1157
6066
8050
1033
6142
4133
5836
2738
2316
5071
5731
3364
8232
725
8389
4287
4417
9607
2676
5936
8115
5699
3127
3522
3353
201
1166
2839
4305
895
5973
3000
7280
2149
939
6712
821
8091
339
5423
9698
5810
5114
1158
296
9425
9450
1327
9634
2057
6591
4311
4613
6811
3433
5934
150
6296
7073
8822
5132
8857
2591
8874
6712
1041
587
401
4291
2943
546
6467
5591
264
9627
907
5088
5860
5083
1325
3188
6328
9014
6779
8737
245
3943
8371
8165
1454
2546
2011
6180
8943
1096
7087
662
3916
4427
3082
1167
7944
722
4035
915
3240
1342
5658
2729
631
8910
532
8367
6283
5473
8339
9839
6135
1371
9513
5712
9554
1369
8622
1456
1784
2248
2480
8961
2864
1618
4843
8305
6878
1099
90
5214
3226
1915
7564
8346
7168
4365
682
2620
5001
2151
6935
7815
2986
9467
7369
6334
1996
8606
2280
5512
844
3846
9221
3905
1956
5370
5949
5873
4665
6180
382
7729
694
3658
8952
1451
1737
5310
7303
322
7548
4818
5153
5874
6599
720
9899
7736
5556
5513
4017
1749
7955
4124
4197
4719
1711
6777
5768
120
6289
3670
615
4627
5332
5699
6791
9333
6200
9881
6948
5545
2667
9896
7447
535
1141
3585
4390
4549
7298
7393
9504
1341
5013
8352
8089
7553
4635
2056
2147
7837
2334
5546
4126
1773
508
7821
2689
4287
2487
4952
1657
6521
1085
6162
8449
6094
843
792
3619
8333
5198
5743
9054
8778
3978
7771
2601
2722
9679
9775
3734
6361
680
2518
1435
6422
1574
2161
1197
225
5357
1665
29
8411
2748
1976
7432
2927
5539
1035
6921
344
1984
6107
7618
9092
5179
2357
460
231
5011
9158
7659
6339
7576
6802
2389
8294
5866
5975
436
6068
7937
8830
1689
6070
4047
9122
8308
4723
5124
52
6353
8767
1296
4685
325
626
9006
6357
2650
2554
5247
3476
2919
8963
7636
6584
9556
4037
1632
4407
7005
2351
653
597
4516
8515
7822
6199
5164
2946
629
1241
6067
3177
1527
29
6943
5036
4220
7221
6716
8018
4219
4963
389
1505
7237
1550
4834
4460
9105
2184
6608
1850
7832
6015
7415
4457
8897
2464
3960
7906
7616
5042
166
8383
4747
8578
1879
7290
6878
9435
8458
184
7743
7129
1115
9014
6660
2894
8372
66
7731
9156
9591
653
2794
3939
3082
2304
1313
9525
8065
2157
7244
3401
9314
7815
5013
9126
4181
7365
1402
688
1931
9538
2547
4143
3553
2617
711
7774
5813
5519
3407
5825
3704
6465
2763
1963
2468
9088
2788
1342
5487
9866
1809
4228
2433
2907
5598
2815
307
6852
2282
172
4984
730
2879
8061
5264
3986
8104
4854
4891
7948
4014
9512
9643
9229
5027
877
7549
9842
3027
2531
1642
210
2599
6941
7768
947
3452
1446
6886
2351
9604
1351
3720
5336
3900
7754
9520
8106
2077
4304
526
5872
3878
5425
1673
4970
9706
5746
1326
5453
8182
4524
9353
1211
343
6922
754
4453
7513
3634
6889
6543
3522
888
804
4627
2752
2752
5928
4968
1472
2259
2503
275
1009
6659
2538
255
2520
3138
591
4809
6390
9408
548
1439
7527
3828
8917
107
5932
8653
1761
2651
5323
2489
7156
6803
5796
7701
7041
8948
3496
6358
558
6302
934
5896
8549
7732
9254
8357
7623
5423
2233
1624
2868
4470
5008
8818
2505
4284
540
893
3753
9979
8054
7520
9183
6992
3073
9602
4514
9430
9885
8514
986
3256
92
6470
1731
5057
4058
9906
1263
7270
3977
732
3057
8263
6474
3486
3863
1985
7923
7099
6359
2839
1437
9926
9854
7251
9373
5039
5716
3575
3510
1071
1108
5673
6909
8534
8747
1503
1149
3331
8607
7254
7404
1412
8034
250
8446
6462
2518
8977
1112
6367
9411
1624
4183
6850
3160
3795
5938
6788
4351
2927
7309
645
3731
6714
9024
128
2598
8581
4808
5678
7774
6440
1980
695
3823
9479
274
7883
96
6884
4051
5681
151
37
4444
4174
4117
8072
7687
4440
4298
1268
7049
8123
8224
2001
7757
2716
7531
9419
449
4428
7908
2819
848
6271
9394
2775
9680
1085
938
7027
3740
7145
5992
5095
9364
2048
3231
7386
4291
2709
6845
5696
4098
7595
4979
6857
9180
6273
1363
2154
3554
4101
9178
6847
4671
2642
8353
273
6142
908
8718
3188
2555
7982
3456
1589
7223
6594
332
7042
1872
4193
7921
2154
5424
1883
2643
2455
3045
6969
2086
8233
9665
5184
2776
373
5027
7737
6180
8189
8582
9232
2596
3314
4856
5001
2007
4855
1901
5434
740
968
2997
1077
5326
8826
2524
3620
3656
741
1088
3322
5099
7952
2696
2439
917
7708
1011
3532
1300
4979
4911
2832
9988
6738
9755
8434
213
1845
1807
4929
3568
8322
9450
6200
7035
5513
796
333
5947
5050
8725
8973
442
3848
6622
6592
4074
1788
7095
5427
8472
716
4176
3829
4868
798
4508
2561
6817
4520
3715
2942
3416
9658
4999
4756
1201
7022
169
4896
1236
110
6125
7145
5564
71
1019
9876
2046
6317
8039
8405
938
480
8259
4775
9471
1453
3892
5086
7971
8151
2770
539
1443
2455
7092
4287
9543
7010
4476
5076
7802
8650
7134
1720
9785
3016
8295
7723
1818
8088
2283
8107
2735
965
1871
2494
9819
1591
6361
3297
1700
1322
1413
1358
7065
3890
2393
226
2262
1371
9307
8448
6646
2021
2049
1696
2601
688
3690
8141
5238
9124
1947
6990
9153
3877
2556
4242
193
2101
9588
2369
6204
394
4914
1168
3492
833
2318
357
1430
387
8623
1325
5327
4040
8687
5659
5378
8873
8044
4033
6873
5610
9439
931
1816
1463
690
2618
3128
6958
462
2599
8786
3342
6915
3849
2185
1550
3660
7584
990
9346
4753
451
6894
2681
5774
79
9663
3898
2261
880
5083
3424
5312
9861
9756
4820
9481
5119
488
5370
2317
3867
2463
382
8350
945
8403
4001
6265
2699
2294
6846
7320
7913
8187
5618
8488
3780
1638
8172
77
7363
6485
5377
2100
7131
6643
2818
505
9049
4091
3474
7707
6709
6586
579
1293
2735
120
5841
8126
6077
9640
2033
8779
697
2605
1914
9523
6244
2127
4645
3596
895
1487
1202
8788
1212
9096
7644
2635
2144
7847
4333
1167
4012
3452
772
2343
2076
7408
6118
9220
8752
889
7362
9956
5593
733
8634
2489
3766
9364
4047
4986
3167
4288
2029
9113
4625
2833
2023
341
4716
8388
2403
912
1017
7228
1113
6467
3953
5828
9112
8737
8570
5156
1370
1738
2594
786
8697
209
3297
3450
8722
2016
1834
1809
4217
4953
8850
983
1997
3696
1973
3371
7373
4376
8085
9491
603
4235
8692
1964
4960
5087
4036
2351
368
7845
3196
933
7487
4723
1374
204
6021
2516
519
4762
8286
5710
2183
4081
6917
5605
1698
9780
3090
974
6230
6457
7713
6278
4285
655
4565
356
6005
8098
1212
365
399
365
85
2823
5189
9007
6608
9919
5423
3186
1685
7231
2504
7303
9447
9034
9340
7318
330
6570
6052
4517
2531
6060
8534
3302
4687
1386
3223
9894
9607
8682
8706
2067
2962
9444
1518
4958
4459
490
410
4305
1556
9043
6652
467
28
2553
2923
9481
4029
708
505
9167
5689
5413
9669
9560
7318
1464
6784
2643
9031
7780
3055
2814
2286
1508
5024
2255
6863
6091
848
208
6438
5428
2748
6331
7947
328
8135
8023
1588
452
5963
8849
8364
697
2964
110
5843
4789
137
5888
3511
5475
956
4871
3921
687
2724
8042
8882
8652
6377
167
4560
4345
2336
1223
4732
3825
471
1253
4566
3778
84
3872
2275
2176
9657
6655
574
5851
4618
6581
3148
7951
354
7062
7892
6795
9523
8568
1663
5700
2604
5549
6620
5738
3776
9952
760
8410
5861
2974
4220
646
2250
1959
759
4643
9724
1924
7053
49
3915
9084
8592
8688
697
930
1150
4401
9906
7489
2427
7594
9410
443
4705
3231
6084
3661
2485
1213
39
776
3196
7464
7590
2700
3854
1256
7415
6901
9450
4767
9603
6858
1034
6766
2936
7348
344
7289
6252
8636
7872
4760
9875
1032
7832
5200
3395
9208
1374
497
6406
6043
2145
2624
2959
8631
8754
776
177
6361
1628
3837
5612
9082
7746
6866
6761
2675
9048
2923
8824
7714
9077
1525
8583
7917
7480
3701
2198
7014
9432
4590
8170
112
4800
5431
9263
1393
2123
6492
2497
8873
7148
7539
988
4034
3777
962
594
7064
2232
3520
4701
7834
4899
1209
4390
9329
3753
6
1334
3217
285
7420
4506
1951
2899
5475
8060
5570
5007
5594
2064
8492
3728
905
2668
7402
254
2168
4364
1690
96
2206
4388
6749
7505
1036
9351
3453
1987
7371
296
8593
2564
5747
6096
2175
2337
494
7727
4849
3464
2572
838
3067
6018
2648
1636
2283
6081
890
6735
5986
9766
9631
5205
2387
6839
1062
2564
2265
4447
2732
8167
5790
8214
6395
6818
1801
3170
206
2832
5863
4094
1976
9514
1469
1130
7926
7835
3645
9011
3138
7874
3176
4228
1817
5128
1779
1693
5871
3555
1532
2020
2242
9146
7630
2490
1788
7593
6260
7919
3549
1991
1579
9575
5032
4758
8059
2030
6652
5259
6631
1803
519
3919
7507
2
614
4485
2133
8636
6719
1661
5279
3594
4035
5320
8812
3960
2718
8077
3081
495
5905
4475
678
3133
1955
4736
9293
5225
2419
1322
3794
3297
7472
2508
8715
6694
7709
5955
8066
7547
6623
9418
8553
6682
2696
1130
1438
8968
7274
3894
8047
42
4644
1910
3711
4071
1329
1889
1578
7536
801
7489
9557
2878
8503
18
5865
1914
613
108
6066
8851
9733
8097
7427
1259
6490
8904
7789
2707
9142
2171
2431
1560
813
1038
3103
6702
105
4625
650
6557
1056
8648
2985
6008
3715
9865
3509
1893
9448
5398
28
9050
266
475
8996
4229
1200
7786
2016
2608
2075
1541
1297
8050
7444
6492
6990
4185
2533
88
4966
8502
1654
9271
3317
3162
8812
361
9990
5328
7389
4330
4025
2426
5271
6369
4149
3889
3521
7576
143
487
962
6605
9036
3904
4017
9720
9843
7456
1228
4158
9542
9286
5821
4485
4434
3657
6794
5161
9141
5074
2988
5599
1233
2107
4626
489
9262
6534
4903
5961
1140
401
7985
3465
7224
3208
1996
5593
6311
763
6102
6986
417
4514
7692
9004
7624
7359
1797
5587
4122
3683
2317
4719
2234
3459
9349
123
4502
1548
7705
7446
1381
5253
8162
2497
9535
4212
6525
1337
8449
1667
2667
4693
4656
3956
6155
9890
6046
4675
5253
9997
812
635
7896
5088
559
3468
2215
5761
1062
1852
6270
7191
3578
5723
2108
7279
2358
4859
1964
990
186
1039
7572
4903
4811
4307
1009
7632
269
9326
6962
5488
1651
2339
8693
5227
6070
4126
4367
2162
3925
685
9696
2708
6156
5804
6038
121
8648
21
7425
4785
2857
7528
6455
3976
2761
1960
6808
9533
8268
2806
4020
2356
7337
9362
124
8776
8808
6271
8087
4517
796
2055
2454
6629
6642
5567
9002
376
2379
1499
164
2538
7975
5861
1629
7008
3106
7466
4551
787
5428
997
4660
704
2355
4737
5126
1727
6220
5753
4646
595
1474
8594
9304
3937
2742
92
7343
596
247
5252
2189
6417
6155
1310
2702
3366
7007
1073
4454
1704
9004
6483
4408
3838
6683
2887
2009
5192
395
7267
1988
5828
8480
2631
8686
7505
4029
539
5773
7605
1045
2473
4725
9245
959
2459
4883
5620
3880
9957
413
2181
3661
3462
1626
6564
6857
700
9374
8170
8060
3286
9817
5455
5357
8957
5489
5326
3025
1381
7372
4195
1821
208
2674
663
5048
1205
674
608
4164
8223
3845
8306
1471
9448
5808
2427
7669
6456
6734
9246
3352
2361
1741
5150
9442
989
6583
4973
1354
401
6980
4661
2342
3507
8462
967
1264
4451
6485
3907
4860
4134
7076
7447
9145
6961
3748
939
4934
3668
5583
4892
7814
8052
1432
391
1863
7373
5289
7449
8048
392
3341
2037
1705
1578
9887
2805
4319
717
482
9828
2920
8419
4419
396
803
4599
2300
4188
5492
7239
3867
6700
2095
5535
9858
7091
6467
2615
4143
569
9545
2993
2495
8089
7261
2251
2271
3945
4636
3532
7507
1421
7390
5964
3866
296
2439
7044
2226
9157
9976
1769
1512
8614
5323
4995
1891
2666
6431
1987
4898
7268
9696
3156
6082
8858
7387
4128
148
43
6208
5270
4159
6004
41
1355
8162
5413
218
6752
8813
9871
1738
3250
2128
2465
7425
2695
4163
1572
418
2151
2984
1139
1451
841
1342
6351
1482
1665
1736
6338
5971
6086
5406
4098
6431
7800
6497
6361
7719
3953
2948
9090
8993
2907
1306
2438
6810
2675
7211
8697
885
1165
1355
5358
6243
7625
2812
1314
2739
4548
4466
3191
5500
6673
9047
495
5913
9273
4513
8877
7620
3265
1121
8310
4374
3356
1086
5069
989
7824
1633
3200
1311
2317
3873
8221
6303
4555
3394
5993
9838
3859
4986
1618
1011
3809
8484
8723
6094
5608
7065
6584
2777
8775
2651
531
5376
2443
9955
318
7651
8805
8094
5746
665
285
3620
5912
2343
9831
1594
4141
5250
3141
1928
9451
8897
7581
4412
1046
2839
9101
8224
5460
6223
3420
6922
7489
2216
1106
1155
9425
3587
9595
2859
199
7243
7751
2891
4198
1413
1126
3210
8246
2471
7331
4836
2410
4654
3086
1431
1231
8571
8974
8512
6599
7326
3447
1686
2423
6133
1048
4373
2590
1302
4712
7790
4695
4828
7715
8733
9504
3503
7727
2412
3996
3255
3828
8006
1334
6721
7035
5901
1783
3971
1381
3200
6218
8397
5648
4759
1774
7696
8134
209
4060
9636
1990
4817
6105
8228
6711
3572
7838
3245
1162
662
6887
5912
4192
2182
4952
5411
1148
5319
3942
742
6633
5704
2885
3620
4591
6790
6254
7425
6850
9551
5972
372
2572
1467
5575
6045
4365
119
3096
7144
7344
562
5614
7010
6911
7324
1576
5675
457
7243
7684
8845
7507
9727
3056
125
925
6793
847
5167
9687
1432
1118
4398
8147
8100
4679
5132
1068
4766
1526
1879
4424
2007
378
1374
7402
9840
4638
2642
3307
4834
7257
2032
8170
4351
5538
4141
1377
3849
3736
6259
522
6866
3570
8316
3714
7907
2034
6140
3069
353
4495
8772
9402
6029
2883
7619
3544
5354
5458
6080
4121
4084
108
7846
5254
8944
7029
6543
451
7102
1843
9828
165
1622
9127
7827
7585
9682
2224
7971
9078
4472
1260
6548
1518
5420
801
2618
4609
8707
7707
7628
2331
1050
727
9319
9551
3784
3807
1145
428
4065
9126
3259
1887
9613
2103
510
5849
2280
1337
553
4738
5627
3430
3041
7165
6875
540
9803
6798
3953
179
1870
3450
2922
9568
3277
1550
1136
41
3635
7971
7848
9978
495
352
9501
232
2419
672
2925
4196
7607
2614
4306
4962
4563
2206
4388
8315
8093
8774
1598
6784
2496
6301
1422
3056
4798
3130
2480
7787
7110
6448
6093
5831
969
2689
6400
9139
3178
4769
3369
7131
1109
2204
2982
7707
994
8586
319
8007
7433
593
1360
3787
3367
252
3868
1886
5522
1404
208
5916
3770
6380
7574
4085
5137
1881
4636
8496
8124
6929
2036
2436
1290
9931
5037
5864
2388
4328
7090
7768
1558
2008
9409
8107
2990
2448
8718
1028
2578
7642
7001
3958
4294
526
1133
6411
7246
4448
7755
1398
8929
954
6343
6680
7711
1915
5840
1520
8980
5232
7190
4486
7997
2466
3895
3482
4506
4416
8955
344
6885
4510
3681
3791
5699
7726
1209
4914
2568
2767
2979
3295
208
9491
7608
5166
2651
2901
2744
1884
2872
7642
7011
2089
4229
2807
2188
4302
1238
4388
5931
7811
388
9904
8594
5184
2408
7365
2306
1507
4633
1677
2286
4753
8449
2964
4448
6400
4951
8400
9547
980
809
6751
4706
9400
9831
6336
5335
7312
1144
7749
8293
6301
519
3110
8226
7489
6254
2138
64
1299
758
7410
4099
5925
3086
5110
6616
8692
8938
2548
963
3488
2478
5526
9561
589
2635
516
6368
4376
1288
9353
8595
5726
4037
5882
3819
7946
9244
8053
1882
909
3754
8662
3290
387
9885
2976
8390
3555
5501
3642
1991
4744
1135
7479
929
7486
3192
5275
1999
9710
1679
2907
1148
4734
3191
4132
5827
6146
9723
8894
6298
8456
5755
1058
6715
8531
7558
6922
2419
4005
1016
5209
8542
1363
8518
2203
995
1732
6919
6397
6459
8186
6965
2656
1400
7940
1252
698
1156
2339
8979
7294
4680
795
4385
4381
2142
8636
6690
7853
1416
1794
1186
2169
8514
6154
2696
2601
309
2631
1951
435
4894
1491
9201
8930
7631
7001
8053
8118
5925
3587
171
3660
1226
751
8293
880
4859
6872
5272
4448
9228
7410
8899
1907
3482
1509
7456
3817
9489
2062
1913
9796
1664
4738
2316
9832
8186
6773
8913
319
2702
7611
2172
1713
201
8188
7151
1426
6602
1757
8706
7003
1462
5612
1909
3197
2542
2172
5684
5380
9214
2339
5292
2121
3111
9856
414
1242
7007
848
7409
6462
6039
4482
1885
2947
7005
3402
4422
9355
19
1396
7029
8055
400
7130
3453
4514
166
3543
4908
4593
8532
44
529
9209
9260
6658
9469
3425
871
2626
6445
4330
4168
6626
231
477
1566
6497
1826
467
8046
4548
7691
1755
7313
1426
5030
4023
1114
605
2833
9304
6554
7730
2623
7020
2119
83
5636
1652
2154
402
1644
6939
7305
4353
4465
2420
4949
8008
2109
6419
1764
2327
7244
7263
145
2236
1926
1286
1058
8999
1803
7905
762
2221
2063
1210
2913
186
4169
8972
529
7817
7959
8697
4882
329
9252
7442
8280
5512
1804
4098
4235
6499
719
9819
1368
9266
453
1094
422
1182
8801
7637
8699
9076
8665
9900
6544
2142
6037
7279
9570
3408
293
6477
11
7872
6664
5822
2753
9785
2938
4552
508
114
3949
5208
9054
955
7948
4096
3310
7495
988
747
741
7057
2196
9833
2669
712
1311
1783
4615
5516
8415
5774
556
7118
644
80
5158
8643
4093
8526
2080
7946
4014
2525
9643
14
3
1706
3042
8941
4627
5564
96
4730
1753
217
1857
1312
7471
2700
2134
8456
9276
85
829
8861
5312
1585
3425
3102
2109
923
1357
3284
1561
8643
6871
5124
8769
1198
2155
567
8927
3727
5572
3864
7455
4421
9427
1710
6639
9092
1433
5275
1925
1528
6055
707
2198
9479
7240
5681
4851
3575
3805
2839
2950
9281
74
3701
9118
5076
2399
3612
2200
7420
8810
7731
2143
2740
9914
2025
1109
569
9111
3292
5362
4689
1744
6458
4699
6221
4661
406
8439
779
263
1213
879
703
4188
4665
5252
7234
1975
597
2933
9371
7048
8339
752
702
8768
5803
5049
4514
2904
3028
682
8312
4322
3960
858
7576
9343
35
8320
8222
6323
7052
985
6949
1446
1207
6857
8498
8300
3002
9790
2853
4823
9199
3707
6924
6188
634
36
7160
611
2043
1701
835
9427
1718
1656
2626
7774
6065
9895
1288
6792
5197
782
8140
5214
6953
4645
4924
5237
6355
5005
2753
5040
9792
6920
788
8822
1999
2286
5282
2866
8329
8797
2092
4685
587
7184
8226
3738
1495
7891
9522
7392
4536
726
7707
8925
2565
5889
8422
1401
4072
9287
6199
3433
3870
8398
7537
2533
6033
8190
664
5900
9685
7831
7147
4167
9313
4936
81
2155
8063
5293
4930
4130
7381
7609
6858
3308
4676
3348
8906
9090
7456
2455
6400
1340
3921
8870
408
2403
5690
3244
9474
8777
4345
1230
2454
8392
6222
2584
8902
777
3471
3341
3683
1158
5627
8398
2882
5762
1422
808
4911
9815
164
1730
9875
7391
8401
87
1267
7191
1809
3122
121
7857
7579
9671
4167
7098
7531
6906
1481
4652
2464
9834
8874
4612
9059
7469
842
5446
6906
5842
7438
8767
5436
1747
920
5820
38
362
4441
409
7581
3669
7092
3405
628
2093
5365
2004
4576
7619
7922
7196
5754
8060
3297
9844
7046
6607
7418
9890
2274
4284
1646
1428
9936
9008
2680
1994
295
6262
8419
2018
9623
7072
8188
2979
6236
1222
8825
8510
3813
6318
6106
1889
21
5100
1135
1422
9609
6700
8763
2221
4636
5758
2391
8653
2680
193
3306
272
3837
2612
1383
8424
5831
5689
8984
9740
5883
810
5946
4000
1281
9232
2760
3348
8985
9058
1804
3131
9127
8811
9876
94
4305
5375
1458
6050
9499
9391
9798
1688
7904
795
2911
2484
292
2056
3904
6912
7016
8403
6128
2306
3678
2772
9620
715
2333
6293
3345
9665
3095
4181
1837
7839
4169
7576
2021
1211
2418
2562
4165
7337
7400
2148
7811
1806
3912
582
2380
3320
4124
7030
7395
3708
50
5216
1735
8735
5722
9726
1797
3241
1360
385
734
1543
4780
2289
5259
2641
3046
7537
29
2843
1501
5639
2281
447
1017
315
9925
618
4895
749
236
3238
1798
5020
5768
521
1848
4996
6289
2524
8891
712
5968
5662
961
7697
8201
3594
5340
629
6025
502
3654
4651
2219
8909
7216
478
5362
8832
1289
176
2066
9608
978
2513
5087
6479
9375
7072
6715
9856
8544
7554
3018
7484
1809
1312
5881
1007
1151
1717
1326
9906
7741
4665
449
4146
7077
9400
8059
5281
4002
4183
1694
747
9229
5431
213
2619
5703
6410
1597
9567
8295
710
677
2665
2388
3368
9186
1032
4678
3626
3958
711
1912
6648
9489
5092
1984
8352
697
116
9698
7129
5926
1029
6081
6149
1137
548
9735
7257
9150
2432
2936
7388
9975
8622
962
7886
7004
1806
8008
3820
2488
941
8591
5361
485
2669
8440
3247
962
1859
9312
2702
4660
9583
644
9988
2235
1937
6345
2118
4519
3978
682
2205
3563
6673
5603
2685
6848
7911
5582
4402
492
1453
636
6588
2581
5940
839
1868
3697
9093
2517
79
8560
3682
2687
5835
7356
1292
7443
4520
2543
647
2103
1649
7398
971
351
3834
1461
7613
4192
4884
5931
3165
7942
1600
6311
4257
3155
4944
443
6002
4953
2228
6912
884
1562
1059
4731
4252
5374
4552
2222
862
117
2383
9682
197
7981
8432
9443
6694
4054
9420
9004
5366
6372
8229
9141
5115
21
9539
4362
6833
6532
372
1470
2431
45
9363
4832
985
2289
5021
2253
2263
5533
176
230
6933
6
4597
163
4620
9432
6799
3223
7409
6063
5332
5462
764
5653
5660
6389
4204
5901
2296
2610
474
2191
4628
4211
27
774
8064
2723
6170
8742
3739
6634
1061
2210
1473
8844
4534
2477
3224
949
1476
7583
21
9363
7131
2154
724
3541
8026
446
5735
8706
7452
8250
8142
5501
9978
451
5768
8952
5887
794
9193
9799
5291
3577
9229
5942
9867
8766
5068
9549
8121
1308
3199
1859
7664
6750
1250
609
9348
6285
3290
9528
6719
5284
5832
9109
5038
4146
5086
7652
3934
5087
8994
3940
3473
7363
6289
3305
9429
2387
582
2471
5191
3581
1259
8126
1187
6247
3935
8465
3744
1043
7512
1771
842
3782
8267
5988
5007
1720
154
5232
2047
7374
8541
3817
3981
8327
404
2478
6779
9156
9884
3708
8901
6716
9920
5804
6813
8110
2882
5757
695
1080
7514
1828
7141
1047
654
3169
6982
704
7203
5027
5642
1295
643
4734
3561
4430
9279
4701
7461
6169
3270
563
2765
63
7623
3926
4564
2155
4068
9982
1441
4259
664
3018
3848
2273
8378
8228
6425
3969
5186
7302
4887
2842
7211
8076
9020
7904
9945
2604
699
1177
1213
884
1430
3407
6600
1219
6449
3318
876
875
8359
7182
8121
53
1179
5002
1462
2053
1633
4818
2382
9247
862
5895
3102
5771
2766
2485
7691
1285
2165
9821
6057
5832
9608
3572
2874
6107
924
1654
6867
2556
3887
2415
9302
2877
3030
4668
1803
6077
967
2525
7024
4984
9400
3917
5043
3057
2807
2341
3293
9999
2283
4558
2017
9877
2075
6117
725
1175
8430
6804
1937
4154
1602
4031
4646
5595
817
1821
1473
5043
3921
8936
6671
5561
2779
3797
9939
2952
7215
4215
9622
4930
2389
5729
3486
5270
9207
2572
5458
3166
317
1832
4461
2572
4073
3142
5618
9238
6869
6597
2719
4239
4521
795
9908
4488
9729
6471
1029
4551
9662
2517
2270
1959
1340
4337
2263
5872
9748
1503
6169
4056
5459
9386
9152
9098
539
1292
7473
8999
2728
2558
1357
2266
5157
4656
807
1135
960
3531
34
263
1116
1461
7854
1125
8902
5429
2021
5021
9738
9143
4673
7214
6406
4466
8129
4493
7535
1528
3724
2532
1923
4542
8917
1035
1055
3038
7231
5638
6402
1689
5010
270
6449
1232
6782
4933
4060
7476
9376
7668
817
1532
4883
5703
4928
2728
921
1132
7199
1172
8906
4423
7199
9119
8796
5770
7502
2732
836
3987
6894
7240
4188
838
5061
5213
485
7277
551
8535
7279
9309
7458
3446
6199
3979
9240
9411
7231
1935
1730
742
8580
648
2210
1367
4573
9471
922
8195
8767
4640
8027
9905
3209
1543
7489
3830
1420
1751
253
4550
1626
3217
9731
5628
3508
4499
9542
7644
3100
2063
1696
7799
9330
6877
2598
2559
1693
8451
5034
9227
4728
5748
4611
6220
9584
6967
8795
9009
299
8875
5336
6585
187
1511
7773
328
3794
8342
2481
2907
280
6594
4960
335
1531
1248
1521
782
3015
2334
6392
3292
7910
4088
5133
609
8234
544
2413
5880
8857
6095
6111
2520
903
1319
4553
8528
9530
3516
3923
8568
9626
4547
524
6149
1048
6056
4749
4782
8801
6822
7147
4893
4066
1667
65
2616
1486
6250
7373
3841
5390
7789
7641
9194
3593
5850
4173
2717
8676
493
6179
347
2171
2087
4683
6243
7536
4990
8337
5653
8419
2629
5051
1735
1668
7421
1863
6905
6309
1371
2773
8260
915
5260
8672
1960
8246
1623
5267
4118
8519
6674
777
9083
818
7624
9334
351
4444
4201
2020
9612
6951
3778
5153
8563
1283
1678
8359
7723
4311
973
3307
8779
3008
9509
2699
5130
3961
8470
4833
2693
4604
850
1229
7969
5880
8413
9203
5250
708
2305
1984
2459
8578
5909
3635
3319
6199
4463
441
9975
7275
6200
3737
1004
268
8463
4130
7064
5544
1232
9937
7136
3498
1510
4727
853
612
6718
1851
8148
9055
1007
1932
6186
4894
1367
6746
8219
730
8263
2677
917
8857
1506
4422
9281
9552
1442
2125
6778
1371
3596
3242
417
26
9605
448
8399
1839
884
3206
3292
6005
2778
3712
6832
7667
9647
8030
1449
2977
4191
548
157
123
6357
1322
2224
8739
230
2292
8407
1067
2562
3012
1470
2804
7479
4014
4695
9329
8102
6493
900
799
1482
1156
8327
7769
2486
4936
5463
4838
5822
2588
726
6774
4600
460
7186
6734
6308
3919
5672
2288
7371
7575
735
1471
1636
7498
644
257
2269
7766
9922
2005
679
80
9717
6247
7698
2206
5919
929
3660
9942
9706
4693
9556
694
4718
9001
2547
6582
182
6705
1646
859
7390
6691
6581
4957
5040
3671
7199
4218
3583
6446
2554
9980
5171
8789
3645
185
5511
5194
5137
1275
4831
1630
3392
9247
5182
3723
1516
2465
1430
9559
4019
4088
9346
7385
5441
9661
1793
8796
3414
338
1075
1971
58
9569
6745
8492
1999
2050
136
7064
1846
4465
6190
9977
1588
639
2136
2876
2710
6808
8499
3497
6434
2390
6018
3497
1040
1332
2704
3960
3050
677
326
1915
1999
6773
542
3092
510
1040
9961
9763
7842
3842
8991
2303
168
7759
645
2229
9785
5764
2820
4112
4148
5421
5559
1530
363
3368
3620
434
6017
6458
3535
8943
9650
1505
1628
4964
9172
8762
1124
4772
8573
180
6329
3048
2933
6325
1741
5806
1629
1931
2016
3332
5728
1205
4857
709
2857
6691
9351
4131
1077
5131
8872
1207
1210
4590
9113
6661
6824
6890
6799
4595
9183
3473
8118
9595
2530
9354
728
8654
8523
2662
4992
8796
286
598
2303
2354
2130
5900
8751
5603
6461
3583
3239
3418
9040
1602
9998
9838
8387
5463
7827
8295
7281
5696
460
5664
2152
3766
4413
6846
4906
6222
4076
7248
7479
4521
5027
2200
1487
4810
1333
7273
7554
462
7813
3008
730
4567
6403
1864
1020
4585
4856
425
6331
2505
740
7921
2765
1010
5574
7478
450
1162
3948
2842
274
2260
1659
6383
8390
3687
3425
4509
1979
16
2506
6739
9730
1955
5568
3674
3499
4424
4502
6560
563
8771
2534
4899
1419
8132
2953
1436
6220
8641
1640
4367
4952
401
6800
5456
4466
4778
7547
4552
672
396
429
4088
1951
6992
9852
4685
2377
3516
2116
3301
7299
1352
1770
5313
8474
550
2335
5099
207
2877
2071
3562
1103
9430
9322
9299
9336
4011
267
4818
7881
5981
1736
3866
5770
1045
1201
649
1980
461
7324
1039
1858
3551
1191
9745
4832
8206
8240
8633
2867
8997
2514
8496
8865
8829
1297
8815
8482
2066
8808
1826
3935
7816
2545
366
954
3002
4981
7493
1023
4995
2948
1191
3721
5120
4199
8955
1943
4950
8387
3231
6048
8576
8129
7420
8917
1980
1837
397
9847
535
5516
2273
6937
7014
481
6143
1431
5430
3377
8554
4919
8614
3317
661
6526
7796
4848
2808
4567
9156
7538
3876
4063
7944
3660
5988
8020
5101
8789
9764
1072
8530
2317
7494
8304
4751
4672
5843
3594
2883
9228
1807
3470
1182
9799
5680
3612
9761
8475
4112
3542
7570
6419
1041
2615
7108
4507
7264
7941
4471
434
5357
8419
6076
1795
9002
9994
571
7445
1298
762
3592
4960
4333
7019
3700
1425
2433
5240
5648
6608
7546
4718
9767
7263
8989
7105
8060
8421
649
2064
9202
7628
2176
3386
2411
8888
7413
7282
1315
8170
6438
415
541
883
1691
918
6158
4269
9199
1372
2073
358
5199
2790
5387
8270
241
2628
9240
2739
6791
1550
6773
1659
708
4397
1528
883
3518
1517
2189
9413
676
2497
7626
2431
8546
6600
5221
3137
6979
591
2101
5958
6566
231
2438
1912
3876
5672
5537
5454
7137
8102
1962
8087
769
1267
5564
187
2749
9061
4002
8015
1686
1113
728
7386
1434
4344
2082
4342
3332
2249
778
4761
5784
2824
8992
9396
7231
725
3821
2443
6080
6736
5144
1207
4897
6276
6941
7097
7948
2353
4859
2320
6468
1758
477
5884
2602
3902
6299
7396
4075
1555
4066
469
8861
9665
5953
667
5898
5364
7413
869
8187
5780
5064
4052
9417
5864
3461
7029
6592
9913
8463
1104
4742
5160
2882
1487
634
9411
7498
1618
6048
3412
2675
7443
4748
394
2593
1638
6492
2396
1617
9619
4363
4107
4992
1158
4452
6167
5978
4983
3572
2501
1349
2950
2787
8976
4239
4569
9827
14
3670
3994
7114
2420
6535
9626
1501
7964
5480
5259
2190
4325
2650
1628
1224
6668
2105
261
5607
7482
726
3846
5646
5262
8423
9644
5139
5021
4525
3396
8045
8167
102
1314
6161
108
9252
3316
2889
5870
9551
7682
4423
5048
1478
2185
1721
3424
5339
1673
2285
9801
8688
4396
9750
2812
1884
7240
7359
9271
7394
8582
1632
6871
7684
3571
3103
4931
3652
999
6248
6456
9804
2101
112
8156
5519
2
1750
5949
7534
3370
7676
7274
7295
4223
4693
1381
9532
531
6031
2935
4024
8632
3266
7972
2903
5029
1641
9505
4542
3676
4625
1539
6840
2138
2736
4169
1403
6143
1849
8061
8827
7599
460
9287
8733
1576
2226
7747
1999
7508
1530
8612
9270
4401
8574
1097
7847
5920
8202
6142
410
1307
173
86
1324
8458
9568
536
2212
1256
7191
2424
4952
8113
5878
1079
561
7054
5975
9229
8285
5973
6953
5830
7203
1867
2282
3643
9132
747
8536
4083
7264
668
7988
537
2286
461
600
1632
5777
3876
363
9476
4479
4632
1890
355
3395
9147
1433
924
1918
4156
7491
6582
5577
4892
4830
1860
1742
7216
3883
2263
6488
3654
2269
181
1592
747
2383
8761
8073
428
3050
8507
8806
8380
8551
7282
8763
8694
4274
9543
7562
99
1057
4251
2431
6925
2996
2539
1797
7301
4812
1011
6986
50
7392
6849
8400
8956
9726
2924
9830
4152
5423
6581
2167
9316
8638
7884
1873
6118
7578
9574
9945
2272
9354
1917
8413
6534
961
5785
1641
1715
1843
5886
1342
1993
2374
1685
240
3463
1228
2048
991
1712
3984
8536
7161
8906
5950
6185
8221
8036
6297
3281
3859
651
5111
6821
7226
175
5855
9476
5826
2674
2055
8304
9660
9505
3639
6378
239
8613
6514
5453
7948
9356
5413
830
3684
116
848
7602
1448
5112
5558
1777
8000
9486
2080
1433
3488
2191
3910
7574
7897
1129
784
449
4652
9426
9482
3159
1589
3022
695
7691
3541
1219
8263
4926
9999
6347
9180
7246
7176
8665
2361
3949
2825
8992
5036
6852
1030
8208
8766
1815
2532
1234
2696
7594
4855
4790
8376
3108
313
8506
5444
1939
5362
8254
1262
8369
1668
3575
585
1622
3014
2369
3883
7533
9924
888
7012
6635
133
5576
1470
5549
7245
6947
2404
5778
1411
2675
3432
5082
5269
3921
3456
9372
1915
7606
545
9246
2618
8207
5727
2464
251
5014
1940
2506
955
2863
7599
8504
8595
2928
4942
4370
9610
5429
1087
9665
8522
818
2403
5711
3680
4091
2916
9791
3688
3232
8585
6189
2377
8157
760
5670
9389
513
7451
4923
404
6877
1878
7106
9593
9552
5047
9950
37
5344
943
848
5762
9307
448
478
2834
5343
8568
2690
3154
6983
3565
3910
7769
5607
3929
4064
150
5130
7049
9688
8361
3626
1488
6785
1055
2623
9521
4503
68
6859
2428
3382
229
6118
136
8172
2852
7206
643
1728
3695
3058
8310
4898
1218
3174
3437
4628
1468
5785
2005
6714
7744
9773
8022
6046
5662
3367
7971
6327
5777
6112
9791
2715
5465
8811
3139
2595
6684
9016
1470
5790
3448
3544
7516
7720
749
6050
4042
4044
1497
6213
9928
6456
4307
9023
7935
5856
4236
9198
5718
4262
1603
3509
5536
9528
8696
5601
6840
3626
2883
3309
7792
2390
6998
114
6054
1489
7216
4323
1528
1455
2067
808
6905
8218
6633
5513
404
1343
9587
7117
4417
7690
4817
5427
5958
356
1897
1522
7728
4457
5601
4124
1218
4271
5375
7864
7900
8627
1540
656
7168
1862
9764
6312
8129
9081
1674
417
8397
9028
3737
6476
8669
6541
5525
6978
5610
2503
723
5028
9698
1593
6287
1471
6075
33
8829
3170
2744
2104
242
915
1561
1032
4851
4590
6200
9435
910
879
369
662
696
7283
4945
9590
3894
7546
2835
3594
5584
4160
4055
6545
4755
5164
3252
9045
9591
1368
9375
5432
5440
2466
797
7821
6808
2626
8357
219
6957
2781
4105
4925
5382
9129
7126
622
1228
2483
4234
7555
5031
2077
9510
2441
887
2684
1893
9297
804
4609
3996
8201
2088
1414
1985
6318
7099
9755
9248
1214
2495
9041
5644
4658
4701
6728
964
9500
8895
8644
199
8637
5136
4293
1112
7418
161
5783
2165
2944
5902
166
7444
549
2432
9830
3263
305
868
3203
8163
4446
5804
3012
6515
6860
7540
2678
7922
6632
5559
1622
9377
9085
8419
9742
5157
5691
3659
484
2492
135
3692
3199
738
5924
2626
9596
9327
4961
2475
2544
4564
786
5228
5087
4806
995
3699
9164
5801
8506
1021
8513
1440
2541
3848
4177
1508
2020
9756
6013
5092
2416
502
8452
9532
8316
3349
3022
4825
5155
1032
2475
7019
8882
1943
6087
6860
6224
498
1793
2576
6619
5143
2381
7085
5108
9608
8470
206
4478
5195
5864
5970
2722
9108
1325
1354
2263
880
3926
9267
9921
3795
5580
4273
6231
8261
9415
5581
7561
3401
223
3632
1314
6158
561
800
7050
329
8613
8698
1680
9554
9502
6625
1990
5966
6801
1141
8380
2637
394
9352
754
2773
4027
9709
8104
1023
3365
3826
793
5392
7532
3456
3479
6826
6359
8096
24
5396
1254
6304
8322
2472
7895
5111
2547
2284
4985
4005
7828
5027
6482
1102
6078
1956
5103
6888
318
8203
1579
9315
7557
5903
6386
2249
1779
8276
4581
7206
6453
7873
9856
2522
1340
4725
746
2204
3649
2950
6638
6929
5078
8362
4984
8798
2942
3481
6753
5706
1999
2307
2591
6951
4727
5278
4567
6547
3725
2
8772
8457
1850
4505
3004
4254
4823
8849
2033
8009
1480
4836
2101
1538
2378
5786
194
7743
6393
7005
6505
4538
1125
4205
7514
967
3334
4149
4979
5829
4605
3262
1212
4898
9725
2322
2706
4740
2330
1284
8930
886
1921
4030
4073
2399
8056
507
7914
7033
2871
5862
7007
5329
5144
371
7891
3850
1338
1292
1184
1447
3020
3215
8453
3369
4984
6502
5018
5701
6270
8534
118
7450
5011
7533
5905
3185
3753
1333
7142
1254
5745
2606
3259
5734
3118
107
6772
1881
860
3004
8020
4930
881
5084
3014
7269
9458
6972
9420
5193
9594
9935
5781
5342
3254
2631
532
7744
1652
9904
3919
1548
8078
1772
3685
2514
4657
2783
1475
9596
6483
3723
9289
9678
644
6927
6152
9951
1908
7339
9439
1447
3030
4888
7607
1529
547
1989
1547
9027
4482
693
252
4547
9862
1575
756
2604
2680
598
2521
2554
9719
5411
5605
6498
5310
9631
3395
1326
6325
3197
4796
104
1690
1159
484
164
481
5792
2126
2930
8281
1002
9655
676
8018
9449
369
7581
5116
4120
7470
4571
6241
3706
2705
839
6726
6916
3471
5099
2557
6585
4795
5907
7391
2117
6339
7494
808
3439
7797
2758
2403
3736
1606
6919
857
2041
8004
3661
1508
6749
7082
8793
8648
3466
4212
5557
1748
8102
9380
3229
5685
8759
1092
9313
3564
5659
301
5256
4513
5241
7512
8151
9512
1864
2626
7443
7459
7983
1493
4467
9176
9181
6389
1081
2004
1530
3336
915
544
5341
2858
5933
2180
7423
3231
7113
6953
815
9002
1746
435
3496
7038
4460
46
9488
6899
1280
7224
9587
2092
1032
5984
480
3622
8326
9998
5649
3939
1817
2131
6385
7144
9986
978
5033
5876
9044
9311
6683
3346
5211
8182
5251
32
8910
7759
2474
1185
184
321
8381
7872
6259
5877
2542
4054
6742
8781
8329
2238
7808
7764
6282
8679
7653
2407
4957
6042
9482
1237
725
205
5995
451
2929
5270
3365
2483
589
2676
9696
1077
2341
2026
3229
574
2863
1693
5265
4201
1289
4033
3072
316
1216
3711
2222
2028
2547
8634
4674
1107
2167
5186
2700
5169
2012
6648
9864
4592
3664
5603
6387
2445
6963
1170
6893
7876
9003
3747
3856
6267
7161
8548
1968
7665
1899
8920
6308
4024
2371
5372
1044
3378
9672
5402
9411
7192
3355
7646
9551
2240
8829
167
5079
5375
5887
3200
2380
6125
1354
4464
1802
9145
3329
4591
729
1005
2947
2490
2480
5044
2677
4168
9657
280
896
3933
6779
5536
5334
5167
6515
2426
7115
2536
7156
2214
4738
2204
6690
6980
8677
4059
8345
9469
6393
8857
8531
376
3505
9644
2633
8662
9234
2517
8985
2896
7399
899
3706
1682
5
2932
9484
9927
4082
3150
9491
4999
8354
1853
6998
2638
7026
4254
2050
8031
6633
4859
885
8057
1083
6039
1384
2616
5952
4733
6604
4543
5268
2388
2888
5733
1409
2550
6289
2830
6426
1185
9980
9932
792
941
2352
5845
8059
2735
4208
5318
9081
2301
3479
5176
3259
1603
2676
7106
1496
4086
8568
159
1729
455
5278
3026
7264
3514
475
2535
8139
88
310
5676
2557
610
9209
5424
9030
1463
8200
3210
6913
4935
2178
3405
5975
7768
5942
954
979
665
1736
2455
4070
8662
2852
5823
7275
2139
4689
986
6045
3740
5962
2287
3367
9893
1433
743
29
1133
133
8819
3594
7169
1950
4961
2473
6398
4406
8218
1495
6910
4210
4688
2409
7607
1377
5014
362
5392
1756
3440
8104
293
5135
2286
2160
2941
4759
7250
3974
1179
7133
650
6266
1298
7938
906
4359
1932
2315
7114
1054
5916
7662
6192
2467
5555
2109
9487
1894
5360
6372
8464
9572
2171
2590
6816
1551
9028
636
2634
3851
9767
120
6902
5754
3667
9927
1779
3307
9244
9405
2784
2415
365
6710
6849
28
577
98
6752
3685
3716
3408
9635
8537
2230
4110
7789
4443
7008
1312
6199
1011
3802
1039
9935
7635
4044
2340
2497
9356
7476
4741
70
4785
823
607
9851
6476
3947
6950
6787
2305
2788
9608
4911
8688
7597
968
205
6350
3626
282
5023
2406
7228
90
4574
1163
4549
7010
5758
7074
1741
107
5203
3822
2979
484
8933
8796
1207
4225
3728
2464
7256
1893
1726
9311
9674
6532
4297
5839
6282
4610
9500
6748
1653
4032
9802
3116
2422
408
4801
4933
1422
9383
6880
9933
4873
410
8375
4034
3871
5580
1405
1932
1384
6287
1896
6992
3059
1353
9992
6854
3656
4305
3333
9421
1261
2346
1531
5645
22
1951
8947
8701
1873
863
724
4438
9665
3564
1305
2072
4952
4622
580
1084
5627
4525
9475
9449
3857
5311
3075
3627
3388
4015
771
337
7899
8303
2602
8421
9295
4623
2523
9746
7180
478
6519
3409
8402
3296
3092
1156
6205
4288
8941
3351
4490
7448
7369
1700
9676
2080
97
1302
7165
5795
6604
544
3224
1736
14
7566
5607
7119
8705
6732
5704
6874
3745
3830
8950
366
719
6832
885
8538
8334
7543
365
3304
3490
1591
1323
5281
3466
4239
7333
3574
1707
8386
2092
732
8767
8415
1143
8
3981
2227
4541
6955
8811
205
5363
4639
6178
3011
983
4051
305
9987
764
4980
7364
8108
2184
7869
822
8782
8586
8687
261
5039
863
6100
9717
9984
5974
1265
9848
6095
6755
6955
2284
5182
5746
8923
309
3668
7229
6836
3325
691
1087
5540
761
4762
537
3818
1198
4955
740
9879
1460
47
7401
744
6185
3273
5294
739
6649
1033
6914
3055
9965
1698
8859
7897
1729
8381
1853
8388
2795
1647
9085
9921
7064
6201
4471
5360
6089
7535
8733
3302
575
251
8305
3055
5650
1266
9413
1221
2504
8103
1089
6305
740
831
5813
3650
9597
9557
5824
6764
6578
1295
2096
7699
4666
4369
810
5752
8384
2208
9852
4211
1726
6393
6145
5218
8057
7859
3765
144
1614
2898
4089
4937
7036
1182
2842
5677
1922
9668
6077
8276
8394
4523
8110
1393
8038
6810
6809
2042
6201
9415
2040
3574
5738
979
527
4904
4741
1700
3364
1275
5954
2147
9458
6511
7130
6728
4064
5347
1719
2322
9358
4723
9963
8203
7472
9860
2196
3900
2302
3997
3518
3277
7290
1465
3354
4879
1491
9114
6734
7885
3882
6864
3580
5408
2244
6842
1768
4499
416
1436
8084
8423
73
7233
1630
8424
1181
7667
2700
1615
319
3482
5079
9896
6554
2593
2022
4567
8887
4799
1996
7959
6113
1028
3093
2307
695
2770
3085
2441
9026
5663
657
1707
9671
5192
8970
2184
1519
1255
3959
1531
2629
7848
8714
1826
2064
1849
3575
3809
5762
1008
5416
5448
7663
6993
3636
8067
2866
2160
1217
7712
1069
3316
5159
7046
5568
6237
1719
4004
2492
6168
5388
6984
2504
2704
257
3602
9475
1526
4852
279
3899
9508
1577
7562
9566
3695
3201
744
2783
6668
9388
3922
5611
2628
5085
1073
2220
1803
1006
4853
6621
6429
9716
750
1952
217
9699
671
4029
5795
8773
640
9355
8629
1991
3491
2436
1941
2021
3993
7668
669
8823
6662
9602
2007
4476
1554
1746
1575
3190
6609
2618
5166
5750
7366
7252
8044
1193
3235
8852
6230
3266
8228
4154
4952
6795
1645
4778
7180
9175
1536
4554
636
4906
740
9579
6196
8986
1858
8844
1804
8791
1442
1547
7380
74
6966
5117
401
8586
709
2193
9047
7876
3675
1824
6087
4124
4110
7447
2268
4287
9924
3672
8528
9947
1876
2734
116
3745
2650
5872
1456
5258
9663
1288
3783
5352
823
9300
6991
2654
3421
1884
7871
9923
445
7397
7898
6274
7728
6421
4700
293
1309
3992
1794
3188
6077
8611
8863
5497
192
4999
6059
9734
6335
3144
4190
2025
1970
2287
4079
3870
9219
6412
966
37
7602
1872
5576
2470
5786
2794
9380
674
3443
1520
7209
8028
265
6337
6635
8760
3582
1593
2166
7987
204
3540
3058
9380
1806
2534
3416
1328
9631
6619
6771
6628
7042
7754
4266
3327
5251
2783
8621
9453
6910
5465
9806
3100
5040
8465
7811
1368
7514
2525
1817
6554
4765
8484
555
8945
2866
5539
547
4895
5401
8463
5599
4183
3493
6283
8440
4693
5077
7724
9375
6735
9590
3771
2873
5658
1288
4364
1405
7233
9518
3405
9147
5057
7194
9104
7648
6632
6680
7228
2039
7520
3721
257
2402
3270
7283
203
825
6576
6199
8537
465
5935
7732
1422
6257
2657
810
4056
1074
5273
9953
4111
5477
3891
1115
1648
6553
7826
1447
570
5485
157
6535
5433
9538
9466
8804
8226
5173
8681
3233
9566
892
5477
3182
3834
5295
3510
7390
7149
649
490
9243
492
4222
9301
4904
3019
5823
2295
9894
4501
6732
2381
3931
8078
9546
1658
1281
6103
3493
9335
11
4738
7064
2633
5085
3462
9114
9027
5724
1141
3067
8427
8948
4364
1519
1
3385
9707
1418
2045
351
9461
5421
9000
3518
1866
4064
7583
9072
19
1585
4867
9581
334
7259
2452
3722
8731
7867
9711
8029
1414
6975
709
7924
7351
2832
1630
5062
7782
6705
5166
6745
1858
2216
8983
9350
51
4909
7215
8299
5966
9040
2996
1439
522
7168
6061
6667
9569
7193
7458
2967
169
4590
6735
627
8740
3576
3989
423
6741
2461
5825
8604
2371
6036
2689
1933
2082
1304
2148
1752
7600
8171
1138
7066
7358
9885
5132
4330
4640
4829
2165
2884
7495
3839
1985
4345
7628
1263
2108
1940
8431
4101
3199
9984
418
9594
8478
8217
4223
1578
8981
1217
8385
617
8101
4388
2482
3147
1882
5485
1344
8463
2351
2106
1365
7291
6947
9198
6311
8894
9645
2998
7054
1682
2542
6078
4149
6625
567
9908
626
7002
7627
5148
7753
3507
7926
550
2653
2097
4606
1742
8584
2342
6232
4179
2110
9386
6494
906
8589
493
9952
1731
4696
9900
2424
4908
453
9122
1171
2388
5026
721
6845
6531
1103
7761
8812
9145
9752
3752
2144
2004
4002
8970
1721
1862
5176
1971
4969
8021
2534
1107
3307
2724
3030
858
1957
7331
7721
100
1130
259
4585
6054
403
6717
3644
5322
351
2979
779
8071
8344
6311
6740
4645
8121
1594
8365
1535
5564
9160
6650
4041
2456
7010
1616
9604
796
1499
3083
9136
981
7336
3277
8194
2614
9890
1016
6390
136
6846
622
1351
1439
1998
1911
6684
7200
9033
4595
277
4784
8537
9248
1927
8767
4836
670
4755
4677
9469
5169
8526
3723
6651
2967
6973
2173
7530
7595
4959
4382
9216
3753
2831
7436
7539
6131
666
4886
4586
7443
1198
6908
8737
9073
2884
3302
8433
1688
639
7112
7823
8580
9893
980
7684
639
5166
1712
2253
7564
3274
9001
547
2531
9160
7352
3165
7519
3189
9572
2341
68
241
9529
6873
1909
520
2359
3715
2357
687
4926
4283
9420
4814
6840
6363
1164
1885
3783
9507
5541
7378
9602
2206
4438
8858
3818
3012
164
4645
5505
2834
5216
6295
6317
1191
9508
540
8089
8577
9950
8508
3790
1095
5297
9728
2320
6136
3464
1956
3179
4804
7644
1565
3184
8617
6536
2316
7242
1281
2427
3683
7702
1353
1821
1816
1490
5
2358
4136
5109
7362
6859
2350
1616
1645
2554
1028
2595
5827
2649
9304
8003
6488
1498
3923
1979
6811
3778
8407
1344
5002
1402
2743
9802
4098
8404
2203
4271
1690
5218
7987
4962
864
3364
7868
2396
2148
6273
8897
5306
4548
648
5268
9672
8503
6231
797
6843
1342
1771
9570
3157
4040
7385
9752
5141
9253
301
264
8269
2989
6049
870
8888
4626
9329
2590
3435
6115
268
4544
9484
5091
45
8590
144
394
6939
2323
3865
3209
173
1190
7488
3859
482
9198
3983
6986
1808
7913
9331
6248
9851
1512
9520
7872
2505
6989
8117
5428
9860
5736
3857
3928
3008
2654
229
8999
7453
4124
524
2628
9294
522
7994
9988
1227
3827
753
1146
4037
3
9385
1106
2056
738
9184
6274
5766
7873
2064
4798
9105
2962
6849
5052
2360
1021
2975
2295
5878
1152
1229
6263
4568
2231
569
6321
7198
173
5106
2027
451
497
3672
35
672
9324
2675
256
4334
7761
9750
1769
3563
502
8277
3365
510
3587
277
2787
9054
1081
5619
2763
6545
1156
8263
4052
1937
260
8090
7447
2403
9065
7974
6643
1370
4605
3406
3923
1322
1046
6190
6717
7529
3659
420
5757
2219
8727
1806
6881
7021
8140
9190
1686
2593
1243
828
2739
4956
9905
4914
3364
6365
8947
1390
1834
1328
7709
7259
593
9425
1223
2481
8386
4036
1530
2486
8330
5668
8386
6085
2747
9627
4820
9902
2881
9042
6609
6862
2008
5577
1483
3249
492
6697
1864
3557
2112
7528
2485
4273
2803
1997
3037
1957
48
4852
1466
5076
3638
5860
7451
6639
5224
7151
7399
8180
1572
730
3248
1047
2617
6319
7323
7695
5989
1807
5872
7429
6813
4619
2109
6952
2306
1972
2032
5109
3344
6017
1844
4021
679
8450
8219
5846
8143
6915
4877
303
504
1459
96
5838
4320
5669
9081
9781
6233
9062
9202
6501
8106
1521
8012
6425
7300
175
6695
9126
5512
6771
9295
9313
5975
8677
2089
1090
2010
2205
1119
551
1635
9075
7960
7004
3540
9156
3900
5194
4047
7111
4726
349
3757
8657
7115
1819
7971
9782
2922
2818
6625
625
4244
2336
1421
6902
3406
5833
1856
5046
4405
4597
5071
4851
9521
8088
6765
1044
8253
9318
4238
795
2726
6326
1599
2420
2897
8118
5413
4625
1250
5536
4052
2597
3675
9707
6433
1373
1154
6853
8313
1734
646
5040
8435
6874
403
1482
547
8797
8563
1698
8064
8999
8120
7863
2297
707
2631
8307
8244
2584
4087
7176
3527
901
4523
2202
6875
5458
3420
1469
7613
1764
2939
6944
8566
1122
8101
123
4270
4150
583
7108
3228
1270
3236
6168
417
5684
3541
1225
8759
7730
4016
947
9156
8026
285
7523
5059
4877
4005
7546
6052
8906
3707
3998
3218
1457
7519
4721
8454
3113
8321
8951
6650
5039
2275
8530
6753
9951
7714
3712
5701
952
8262
600
6801
5196
8248
304
5281
7701
8580
9026
1062
5662
3631
2353
7662
1328
970
4839
8147
2124
1272
320
2
4553
2380
2780
1536
3150
9959
4000
2568
1026
1457
5967
3464
5138
1189
2104
8285
9891
1922
400
1835
3273
1646
625
8082
4839
9870
7810
6765
4664
1028
4009
332
1949
2569
7294
9525
887
3339
7250
3767
9080
104
4657
1743
3781
5675
4179
1263
2527
54
6697
8699
4483
3249
518
9877
142
1346
4284
556
180
1902
6969
513
19
3727
9297
1082
276
7479
5550
1226
4130
3651
356
8768
4094
6531
1946
623
1809
7033
9031
2047
771
2192
4505
3201
4349
8863
5452
5833
9626
1998
5848
3255
5603
9688
8252
6630
7163
3026
3450
5017
7543
651
1763
2802
7779
5140
516
7525
3521
8162
3521
3405
5123
7714
6449
1885
8619
1596
8586
42
9920
7675
8687
4327
8964
8924
2471
497
8901
1653
9664
2732
5809
9832
1955
4941
2509
1144
9162
1274
6870
7850
5135
6062
3721
1152
7143
3442
9233
7826
1503
7928
2256
1854
1525
410
7184
9010
810
6003
8809
7751
4295
107
534
1793
6254
6345
4691
9668
6850
8692
7882
2377
9386
1675
9790
6561
7074
5670
5895
3241
9794
4300
3792
174
3490
166
765
3235
5438
372
1713
7809
2679
5934
8447
79
3291
3774
7775
2402
9478
7516
7699
3734
5097
266
2522
1790
8122
7282
2357
8168
5131
7868
5961
4836
7247
5940
2564
6759
1834
3660
6707
3803
4313
4382
1395
1801
7779
6820
8407
4826
7102
7467
890
250
8868
1925
9845
174
7399
670
3027
3112
5267
1874
8930
1832
5779
4829
2253
6613
487
3219
3320
8732
5620
1601
812
5320
2204
5139
4740
5139
5008
248
3302
3196
612
1267
6726
9914
642
1283
7432
3216
5729
7925
6069
9873
2838
376
159
2773
732
4769
888
6621
9953
5728
1552
5332
7905
2291
6430
870
4342
1242
6977
8485
1856
2347
5799
858
1586
4407
7453
2729
9821
7692
7784
4232
3569
7036
7268
7089
2449
6862
9179
2517
358
1348
8056
3940
8455
829
9100
2267
1480
2283
3537
3901
832
3751
2270
3253
2591
1156
7322
4378
2464
8449
452
1204
43
2323
1378
6046
1598
8115
2232
5261
1277
9491
7116
7888
1816
7207
9880
6137
9724
2722
2496
4635
7388
4126
9012
1763
178
784
4695
4460
3584
299
1953
2574
8492
6356
2642
3542
6380
5510
8361
1948
2382
3175
3412
6865
5419
714
7400
312
6540
55
180
8823
4685
3256
8705
3149
1634
1765
1276
2214
1960
6178
1671
2221
381
9543
1868
3649
9378
6096
3540
7931
4735
9094
9512
6895
8312
7935
9029
3649
3551
3761
3573
8170
890
989
7228
9659
103
4553
9424
1521
8605
4622
2189
1210
1333
5972
7752
2311
2648
2522
6322
2354
9098
5930
4799
4177
7320
3820
8103
492
382
5306
317
92
5788
5
1967
7332
5658
8822
6621
901
3385
4231
365
2700
8364
8947
269
7343
2631
266
5691
920
390
1578
9314
5088
2578
6155
2230
8976
2512
2601
9330
6644
4170
5816
9040
465
3601
5155
2697
9049
2243
9205
4557
2572
954
988
1125
2273
8006
7642
4902
9286
3228
382
5449
7876
7534
5555
522
3798
7885
7
2958
8987
4140
9534
8840
4378
7863
8888
5373
998
6132
9344
9094
3266
8280
8295
534
6966
9069
3025
5949
2435
9155
5902
3484
2660
3413
2699
2522
2373
1373
1098
5895
3992
7114
5103
4959
950
7601
4573
9184
259
9314
1745
7040
8245
909
1820
7673
4230
8357
5927
9558
840
9411
914
3283
2504
3054
2173
351
1446
4777
8667
725
7636
7821
9300
5260
4781
601
3210
4860
9449
9367
1870
8498
6462
9106
6195
5766
8744
7253
3155
7962
8764
6628
1874
2597
2345
8769
7552
1025
7713
9592
4722
9618
3303
1532
4499
3577
4264
2646
2247
7175
3055
7179
5248
4006
3428
61
805
5924
2597
7685
7119
2129
1496
5903
7222
4300
7295
7254
6316
4136
7197
5938
7720
2629
1784
6831
373
780
4351
2609
1116
1563
1278
6948
8544
1138
144
664
3176
7149
2516
2125
5826
1763
8115
3723
150
846
1569
7446
6009
5244
6946
1936
5331
2165
8511
79
7731
8174
2713
7360
2929
1342
3421
652
180
671
6937
1963
1125
791
2638
9126
4580
8071
422
1809
9226
884
2328
4360
7007
3108
9497
4329
4444
1291
6325
9251
7443
1335
3583
702
8318
1112
3429
3579
2486
7653
6856
9164
3381
555
7275
7783
7053
8231
9545
3272
538
1573
5835
1861
5286
6297
3946
5093
8396
7119
2706
1795
447
4575
6680
7824
3291
7203
958
9863
5084
5867
9509
2709
654
8033
4306
4969
9749
6457
2099
920
9391
9035
1299
516
9654
3812
4876
4829
2506
185
7005
2312
8814
3709
1053
3616
4145
9989
6463
3114
3200
7835
7223
4430
4570
7168
2859
3634
2005
166
8493
1721
4767
8972
9800
813
8983
1690
6200
9368
8541
3376
4287
2105
1911
523
8470
2661
854
4968
1649
1324
4889
7579
4422
3085
7040
2562
5631
2813
8755
5509
7390
9572
2099
6673
9825
2712
7745
1942
1782
3166
4719
4702
8720
9630
1940
3839
4490
935
7076
5522
4555
259
1038
7860
1019
2668
8120
2861
5494
6543
2232
5680
1247
3600
4340
850
1734
2254
8781
8079
4813
8680
1239
4521
1879
48
9468
2914
5698
9647
6753
156
630
3465
5369
7406
5182
258
2617
2906
5495
4946
5805
4301
6311
8789
5353
9799
1600
1558
9457
9580
3973
1453
4748
1082
9980
5670
5127
1275
2469
1396
9207
9725
5498
3333
9969
1985
8871
936
1789
4353
555
8685
136
4805
8783
8124
985
4168
6295
7752
8279
7430
7271
565
8344
7753
3880
8280
5149
3956
3435
8478
1276
207
6654
32
4222
3332
5068
6709
6107
3978
233
1736
1490
1056
9727
444
766
8028
3938
4045
1045
6885
2667
8184
7106
4717
147
1278
5830
1955
5486
4582
3482
9928
6234
9809
5880
1921
552
977
9723
9212
1498
8620
1732
1190
7390
2589
8975
2268
1754
6956
1925
9169
4680
1711
5330
8352
6148
8609
9066
546
2068
1394
8328
641
9319
9456
9991
4190
4817
9604
4309
4304
5958
9936
2789
4847
4884
2791
6339
5664
8839
781
5149
1473
8855
2705
992
9080
7732
9224
2353
5431
2117
9229
1998
5378
7325
3541
2740
9156
9455
2615
9681
4159
8164
4060
2188
4866
2507
6211
7268
9344
10000
1433
551
5263
4527
9655
4053
750
9850
924
483
2123
1130
8092
5428
6131
4611
5481
7605
731
3244
6961
3175
6031
9005
5448
3059
1129
5416
4936
921
9556
3613
4295
794
737
3753
744
3687
9562
7631
2051
9385
4869
91
2153
3234
8940
178
6467
6435
9866
2589
6523
5808
2296
9544
6333
3057
9482
5958
3519
2906
3203
9303
6367
1374
9600
7917
1084
2751
1299
8075
7031
2281
8351
3775
811
9248
7732
4897
3771
8374
9019
8316
7643
5042
7684
8254
2259
6510
1741
8571
671
5279
1239
7494
2425
3387
2292
3890
9947
8853
2403
5589
5296
7996
9823
750
4859
6518
4324
5353
2442
935
3844
577
8060
3094
7577
8246
7616
6738
9532
415
6496
2080
806
1553
558
5225
2452
2336
3534
3282
8896
4758
2356
955
4206
2306
2015
4540
116
1698
839
1692
7038
6084
5203
3093
4177
7273
9038
3733
2142
5211
6330
1030
5865
5025
4933
6416
3530
4944
508
6540
7459
6501
4269
2876
3460
6288
4161
4794
4396
7027
6170
6591
4497
8732
666
5685
338
7726
2004
2015
8666
4935
9670
4599
5495
557
1959
6552
4940
1658
3693
1117
4356
218
403
6617
8281
4339
1177
7977
1572
1845
5116
1639
9157
4513
1272
2432
4036
4942
9771
4472
4169
5354
171
6172
6666
8206
2427
5289
2067
3445
74
411
6507
8879
6204
5097
8100
817
1566
5695
8403
8527
8740
5675
1617
4908
6933
1340
2833
3361
1673
1288
9683
7725
9489
3886
8696
5436
6601
3419
4567
7834
9098
8112
4880
8394
2130
1299
1086
2178
7992
4309
6770
6857
346
373
7822
2421
1097
707
2175
4830
4824
6551
512
9863
9601
2323
8794
7118
1897
1798
832
7841
1605
515
9402
2083
7485
9345
9680
2063
1119
9396
3673
1261
4855
5772
1380
6115
301
6972
9864
8606
7952
6110
695
7841
6018
2517
3752
7228
2436
8579
5221
7505
3668
9740
1282
2371
3811
7882
6752
8976
236
210
4000
3569
2194
1976
7403
543
1849
5791
1586
8584
9255
9715
5778
8754
108
7482
8250
2687
3953
3048
6368
1890
9981
514
2384
4626
9806
3926
2214
1372
4326
761
2223
5789
8371
6385
5275
1280
3363
4804
918
3301
5783
8879
4503
7955
2936
3916
4856
7823
5496
4558
1639
2621
7707
623
2460
6087
869
93
7484
4268
2069
3200
7933
6266
9938
3071
3116
4927
8773
8099
2715
4236
7896
1787
2655
124
797
498
2953
3299
1122
830
7139
6810
931
458
845
1402
4017
9063
4408
935
3537
2734
1380
6288
3992
634
5013
1875
2326
8980
3563
9206
6496
8382
1986
2660
5843
5123
2582
2724
3734
4110
475
2592
7903
3467
4765
9861
9576
3580
7412
1206
1267
9949
9626
1782
3708
506
6559
773
6271
9967
1324
8971
5801
2511
5751
3987
2691
2137
6135
9882
1244
7784
5225
6360
3798
4010
1026
8157
2885
7524
5814
4864
1955
7412
392
548
39
9719
4850
4061
4246
28
7287
6162
7803
9784
3176
1858
2884
5099
1124
2124
3181
5299
6467
6601
9025
2896
9861
7629
5357
4839
1510
6558
9223
2443
981
6100
2783
3673
5718
2434
2358
7347
2324
819
572
9712
7755
3977
7662
6785
2949
2514
4080
2935
787
8988
9846
8451
5550
7019
1722
2302
2366
888
9161
3274
9355
8284
9518
2296
962
7613
8100
9324
2427
7624
5494
9102
8953
7376
9657
3651
6593
8757
4557
2571
3503
8521
7759
7148
5797
2479
7251
6751
6677
6245
9248
121
288
7124
5596
3885
9424
2341
1434
2575
1476
1430
1728
3132
506
4573
1198
6905
2162
429
236
8921
8671
1223
8420
211
657
9266
528
6163
8082
7582
6661
9648
4750
7285
5216
2334
3142
387
3711
4629
5702
8968
7283
4273
9349
4651
7076
1435
7646
7281
1126
6760
9085
8606
4411
5313
2539
8348
682
5811
7886
9802
2734
7735
7755
8070
3122
6069
5661
2078
8747
6068
6458
1604
2406
597
9460
2176
708
6881
3390
3706
9474
2000
1807
8744
8014
6572
1740
7028
152
9333
1665
9906
1269
2246
2207
8960
7370
184
2029
7695
4519
86
7448
3650
1729
1312
8013
2741
5204
1028
7625
8735
841
7849
7103
5194
2901
2862
8137
2787
4690
7667
6498
381
226
1958
6132
1307
6561
1537
6030
6846
1466
161
3032
5755
2124
4618
6457
8497
8911
1946
937
8809
9634
348
9507
8079
7974
3965
2269
3280
7825
116
2667
1972
4492
397
2672
6638
7069
5351
183
7394
5884
3455
4386
4279
6544
2620
2208
9852
3258
8620
3492
2240
5269
1135
2292
5772
3531
4419
4255
8036
1932
6047
7490
4751
3115
309
93
5586
6889
2449
8513
8227
2070
3575
3341
4685
1252
252
4186
2704
447
9251
1651
3051
474
7451
233
7676
9564
2439
4870
8454
4395
3198
4257
1509
375
5348
1777
1726
1786
953
1013
9259
1247
6112
6850
9845
3057
2515
5583
2274
8533
1253
3054
1602
6826
3832
1308
4213
223
5456
4475
6111
1446
6600
7757
8830
1945
3924
3461
507
2538
7350
9176
1423
495
3108
1450
7273
9309
7242
22
6509
804
4028
4301
5662
5372
8719
531
6831
9358
2888
1318
2759
4326
9653
8753
4323
3192
3659
8768
7553
7072
960
8773
6682
7662
5818
1562
7422
3442
7863
5400
5447
4709
7886
6040
5943
4312
9542
8887
5235
512
7830
3231
9253
5890
5821
2276
9388
876
5859
8140
7591
2789
1167
1539
5250
1989
4714
6733
7087
6664
3412
1117
6312
7390
5125
4038
9492
1319
407
8864
5689
8622
5362
8702
3858
4003
4168
6557
912
6989
3811
8207
5525
3168
8491
2409
6671
6875
6716
8858
6002
9029
2983
8077
1193
4618
2792
7488
3534
2912
2712
8918
2712
8319
7012
8570
2245
9840
6590
9637
2344
7684
7250
2418
3668
7769
5212
1664
442
8185
728
7720
8543
5603
1274
7616
9362
2926
6079
9630
5469
8923
691
1777
6313
6699
6292
8796
7495
7889
7815
2756
2620
3273
5130
2109
8972
1160
282
1712
2619
5942
9334
5456
8191
4762
275
8109
2186
1940
2162
7128
1800
4193
1407
8904
8595
6714
7626
7692
4559
3182
8171
3122
4467
6530
5618
3736
260
6758
4413
7537
281
9866
4334
9322
6906
3728
5884
6669
6522
2051
2969
3462
6439
5177
291
500
4383
2085
191
1458
8566
4064
5283
4983
4405
1625
3330
3339
9301
5754
9454
7323
1532
1069
2281
1694
215
4735
1292
1912
249
9508
1340
2767
3475
571
5609
2733
2293
9619
2377
8646
6515
4958
7909
1322
1675
5189
4866
7613
6966
2652
7315
757
5502
5896
7869
67
6591
3326
9755
5654
5040
254
6563
1533
8868
3455
152
8811
6428
4124
9025
2927
2815
5296
4874
8325
4845
8015
506
2839
7072
8037
2741
9032
2341
4850
3315
7059
1913
8358
2897
6751
823
5465
8214
1366
5985
6382
616
5142
2989
4569
8656
5863
9282
591
603
9214
738
7821
5282
8721
2539
7500
6077
9308
7689
9827
4516
4868
1166
4766
7942
7258
8549
4941
1245
8995
5603
752
3761
2405
895
4081
4540
8596
2371
9666
4046
5950
4435
2025
5139
9011
6462
2713
498
249
3747
724
9350
9119
9510
2494
9410
3505
194
8179
5360
3499
7601
1275
9179
17
7322
5485
6399
159
5947
9121
829
3692
7576
4971
771
8117
9346
1429
2011
2023
6506
3292
9379
2252
9512
4798
189
3322
1528
8834
9480
1848
7572
441
6526
6130
1544
1299
3167
4703
8513
4405
3871
4642
4519
2394
3787
2798
798
3639
2226
765
7447
8515
5377
4595
8380
6551
3231
4974
9340
5794
6203
3360
212
4049
6595
7632
2783
2669
230
8734
446
5973
3387
9734
6187
8030
6084
471
602
951
2814
6885
9074
1538
106
1595
5195
2096
9856
9300
3145
6572
5650
5244
392
6747
7472
2915
6823
1506
4955
3874
601
361
6267
3105
7290
1471
7700
2600
8720
5518
8278
6757
7682
7200
5541
6589
9213
1857
5913
2038
1780
1143
3318
4292
4856
5424
78
9107
7705
2811
1157
9637
5867
7418
8390
8699
5261
7542
7893
1305
4214
7267
1492
5494
7824
1733
4570
6961
7097
7875
8384
4266
5112
6411
7758
5184
7757
5815
6470
2071
3260
9583
6334
5117
7148
4767
2308
892
6859
2457
669
6594
3556
9438
8159
2479
5075
3834
7600
9055
152
8893
7087
4730
8491
673
129
7720
655
1432
462
1944
2346
3446
2733
7298
6147
8880
2333
8332
1565
7667
6486
826
3395
1351
8511
3066
1572
9125
5953
495
8786
8039
1900
6444
1061
224
7417
6819
2517
1868
2543
9294
9304
8489
1818
5518
281
1237
6681
8402
8186
473
6711
3179
9483
103
9452
6877
2171
7393
2932
2328
1886
3450
5537
3928
2991
4448
9213
9754
1416
7258
4962
7265
5040
8494
8733
9767
1605
9399
864
9991
1019
3413
232
1787
515
8869
2414
3969
1055
8115
3825
7956
1908
9341
1844
7672
8241
3498
2628
6149
8368
8282
1102
6664
8714
5871
7838
9623
1280
1469
3226
723
5383
8718
2384
8835
7059
1370
1661
4206
2360
7701
2065
5897
9789
472
9199
9666
6258
6149
8456
9052
6259
1701
4410
2573
3278
5492
5477
7012
3409
1632
7711
1422
7623
4477
2185
4395
4325
1869
2594
652
2319
6718
1370
7024
7265
4916
4345
640
283
873
2240
8327
5388
2050
1168
4342
2706
1924
4443
1751
9505
1846
1096
5488
643
6777
3402
890
463
5174
7907
643
9884
8198
9141
97
7319
4056
4090
2824
7347
3070
3204
1725
3457
9945
487
4524
3697
3895
3974
4311
184
7385
8523
6752
66
5866
3483
4169
7193
7709
3129
250
566
9334
3690
3459
9272
4284
3609
9955
7203
605
9788
2120
2811
6547
2615
9943
2273
4293
2527
6446
3469
6833
6897
552
8076
6152
1860
1361
7484
8139
2157
8746
902
1477
6386
8880
9851
6377
5376
6200
6163
7197
9648
1966
433
3558
9560
622
8251
1239
3311
8866
328
2084
7027
958
2347
1740
4414
5784
5103
8439
8949
2443
147
1211
3971
2174
3193
581
230
5537
4330
1799
4121
4376
7948
8765
4466
859
1398
8708
7676
3564
8066
44
2551
3547
2644
3661
6239
342
2299
9433
299
6389
9654
3745
711
2582
841
8763
1843
676
64
289
2061
7581
9923
4957
541
9220
8042
8676
1728
8724
4163
9233
1639
2630
3154
2644
8880
293
424
9722
8597
1600
6263
6750
4548
1696
6212
7792
3952
4762
7214
5477
3237
2167
31
9312
2129
1938
1073
4512
8017
9346
6274
5945
6362
6793
2923
807
3097
1548
1005
5681
6301
3363
5069
4826
9876
3459
130
6158
5891
747
6188
4331
9402
8300
2119
5709
2566
589
3329
9279
8313
1085
1160
7022
6087
5050
9255
9968
1635
9602
1907
5302
4234
5704
4961
6734
5837
6937
6362
1820
2597
319
1185
3513
8754
9573
9141
5180
1861
8877
9746
201
3599
9183
5757
5383
5784
6226
2175
1639
3684
608
9473
1585
3284
8613
1386
929
8025
6312
2245
9890
9070
8365
1894
6617
8711
1930
9758
998
4548
5849
5213
6967
1306
3998
1640
4493
3252
9577
1035
4258
2118
4766
9152
843
9938
3587
6977
27
2943
3657
8058
2185
3143
1279
9027
4163
5903
899
8972
2514
6300
986
6714
7888
852
6547
2257
8359
9123
8631
6210
7659
4559
1235
3800
5467
750
6393
1997
1877
151
628
8722
2136
1014
2491
7087
3597
6180
2664
7495
6856
86
5273
1184
9276
5332
4662
6769
4301
2397
8420
797
6906
2313
457
912
5626
5103
6001
1127
182
1817
6769
9332
6487
8949
8634
1602
9297
1837
8528
2374
2769
7240
1196
4887
6067
9826
4062
672
2952
3834
9943
2755
1221
1435
6294
5392
4799
3517
2881
3910
3878
397
6743
4089
9759
6042
5076
3589
2567
4385
6612
6370
1236
6396
9979
9577
2894
3094
1125
9637
5486
3634
8473
4461
1222
1661
4963
9553
2546
3809
9011
2611
6061
9259
4800
4601
7015
4223
8688
3392
4405
1786
5692
5811
2089
4553
1584
3563
1316
1416
3505
3977
6393
989
2482
386
2756
1943
5032
7579
667
6625
5100
3286
6756
6523
8610
5419
2167
3786
7848
6842
9973
3983
2432
5503
5705
1542
241
648
5358
9216
7819
4179
3473
6227
1946
6027
5832
4912
2957
1061
8115
8214
599
3014
5682
1221
2662
4664
6904
2325
9666
796
4126
7368
312
9361
235
7261
615
8422
7666
5670
4731
9836
2301
2509
3881
9600
153
3490
7546
9000
545
7656
9227
7132
6720
2673
2099
8935
3457
5799
7223
5901
5881
4781
6235
8703
9911
9973
4410
5501
3354
6403
5560
716
7301
3057
8502
1416
4047
8740
2726
7803
7998
6864
5135
4767
3444
2808
8883
3936
138
7464
639
1062
3949
3814
1155
9490
2278
774
2066
8758
1694
6253
3980
3994
7905
9465
1994
1740
3842
3711
7546
5751
5520
3348
2285
8840
6360
3840
8396
13
5803
1712
466
6206
6738
5739
9446
5089
5422
8056
2759
1625
4421
9278
8781
8718
9626
619
7582
7395
7259
7897
8942
8532
1473
7454
7835
2222
132
4434
5608
7684
2621
2999
7063
5055
1280
8276
7837
6277
746
8579
4400
253
1895
5980
3876
8578
1287
6545
4455
8998
8945
5547
666
6473
297
9588
449
2650
9118
6935
3373
2109
535
5845
1223
6814
9840
3898
5407
5701
191
4703
6407
7355
2476
6080
8297
203
2256
4561
6080
9884
3245
9053
2662
2846
1438
5760
7529
580
4608
8438
4131
3089
1106
3138
779
21
8841
5987
9126
3418
6247
8852
9698
6666
3149
5747
3428
2100
2446
7589
6352
2718
1429
1096
3385
7261
3194
344
746
7491
4818
6950
8212
7832
5365
598
9528
5932
1635
2680
8312
2427
249
6282
5626
2947
592
3132
8541
178
5080
8612
8974
8420
8931
9730
3020
9499
4404
9478
4971
8655
7658
8001
3830
8185
8728
1242
9
9594
1271
8562
7406
6529
8541
7849
8118
9213
8416
5602
5259
9456
9462
1749
8083
3397
879
3301
8567
6755
4453
5969
6581
369
2434
798
8787
637
8851
1988
6261
9848
2188
4663
8736
772
780
7242
1536
9505
7154
4207
327
660
2672
8418
7623
3385
2095
3831
6610
859
6036
7153
6224
4417
913
8228
6001
4619
2239
4285
3827
1021
4058
4001
1446
9307
5469
979
4510
1655
9808
9210
2841
3622
2335
2866
1970
2377
6029
9794
7157
8283
2393
5966
516
9143
1792
701
9049
8668
5939
7950
1452
4002
7946
3270
872
927
3353
5646
4409
4518
8001
5627
5321
1120
4922
477
2539
7085
4129
8876
2567
2908
2845
944
2040
3913
5158
2304
5554
5959
7543
93
4920
5167
4611
3920
6397
1831
6790
1729
4569
2438
5822
6618
4334
2263
1914
8395
1180
9085
6465
751
7554
6022
7254
3455
3189
9122
3563
3573
9334
2613
7956
1732
8751
219
8973
8310
8062
8396
382
1478
2598
9089
4286
5631
7106
1877
870
4900
2315
2671
5575
1538
1948
784
495
4931
4020
7880
9255
7028
8251
3854
1393
1177
665
2047
5649
6320
8259
3333
3112
5507
4840
860
8569
1490
3211
1122
2662
1104
5265
398
922
1037
3470
7762
4589
2404
4395
8163
5875
4405
6362
7849
9846
4038
2653
1170
6181
5974
4500
2299
6205
34
6374
706
3543
6075
114
4102
8706
3720
4694
6912
595
3800
9424
7702
8266
1274
7378
5133
6758
3889
1771
9102
4156
2594
980
5293
1812
2816
2185
1126
4196
4106
1017
7065
3777
3874
2095
2328
8195
3986
162
4045
6217
3595
5001
449
1869
8702
7539
6043
9401
110
470
7830
2937
885
2342
8679
2403
3302
761
9213
469
4067
6857
7705
5230
2432
2394
3648
1936
7047
1036
2958
9732
7870
3282
6030
6286
5750
948
872
6530
9685
9107
3353
5352
1318
7707
6617
8588
1408
1406
1673
649
4628
5182
5883
3559
7435
2762
4391
5745
2576
5421
5835
1084
521
4164
1875
2950
6315
2415
6153
6731
5678
1145
5167
9406
1903
9547
8186
4086
9254
3806
5489
1975
8871
4320
3111
4114
9324
8376
4453
8751
1379
1853
3115
1610
5732
8197
7288
3836
8822
5482
3913
6588
370
7937
4638
885
3479
9070
5187
618
3712
1074
5054
2231
1635
3030
7460
6409
2220
9533
9441
6161
4330
1444
6263
7877
295
8285
8982
9768
5597
2430
5502
4076
5255
5955
6081
3348
4182
3451
5980
1294
870
1441
2167
1441
1665
9881
2491
9652
2225
1647
4068
8191
2363
8506
7767
2310
1290
2454
1077
6579
9034
9810
4992
4098
8279
6791
142
1972
517
4139
2716
6156
7729
2725
501
6782
2231
3873
1091
4441
9125
6950
5989
3906
7552
3319
3905
9795
2246
3847
9564
6180
8820
144
248
1257
6601
1621
3181
9707
4586
1318
3036
4940
1575
628
1135
4901
510
1046
8869
3842
223
1100
1965
2913
6496
5970
6448
7686
7601
727
612
1027
5778
1918
158
4310
6596
7812
664
7283
8558
1140
5603
7076
7841
5975
5326
4062
974
640
5224
614
966
4871
6163
2596
6930
4212
6490
1959
2085
6479
7796
9657
3566
3429
4633
1715
3858
1246
2692
4276
4665
1260
2874
622
3944
1942
6202
7538
8159
8934
581
8910
1556
3088
2928
1956
6656
5605
5080
1052
5800
4071
6565
2844
5903
3405
4610
1624
7658
9529
2316
805
9044
6376
1096
8866
6515
9593
8762
4680
4970
8178
3620
2577
1408
9535
1244
2232
3537
909
2593
335
9140
9894
7007
5751
9341
4846
2048
811
2020
1549
7221
302
9589
8846
6470
9254
1401
2344
3719
8153
9909
6586
2348
9623
850
2044
9198
744
9341
7923
430
6568
3407
4390
9385
8543
8800
9487
2700
1286
4648
6852
1434
1207
5334
839
7292
6164
900
5962
888
1163
8778
6647
7494
521
7730
3567
7822
8124
4828
2113
2710
1741
1891
4189
5835
4702
6496
7802
5037
1984
5230
101
225
809
8141
4955
113
899
3755
6872
7494
4696
2975
2353
809
2669
808
479
2790
5549
7430
1517
5650
2008
4327
2740
1438
1019
3013
1765
6860
466
9902
8311
2434
9707
7172
833
6974
7228
3461
3850
5400
8584
9502
895
606
2094
6364
8741
7179
274
9107
4608
8185
7680
2435
1379
378
7599
1767
9321
1457
5058
1248
3619
4310
3509
9954
4083
9242
4774
7196
8024
6647
3201
8190
3739
684
2817
6054
1129
5944
4564
7420
4130
276
1534
8847
3794
4246
2320
9007
5454
8675
7178
6604
6049
7813
2207
9614
4583
1005
1161
1351
5642
5147
9469
8935
1083
8636
3024
4590
2147
4211
9529
8295
4330
1211
7737
3715
1561
2043
6376
1043
8347
3851
6242
6986
7977
8470
2498
9346
5414
2913
8174
1534
839
2219
8851
10000
4632
309
2290
2061
2043
6212
4059
4957
2658
229
153
871
5839
4640
9807
2556
4922
6112
289
9859
1362
7522
5461
5173
3928
6636
8987
9801
105
6592
1660
9715
2058
880
2655
6073
24
1892
354
8999
8064
3131
5110
595
8445
8622
7659
5523
9137
2843
5359
4669
1590
2544
7185
5951
3444
9334
4779
7424
5046
8865
3215
2007
2536
2709
3088
683
7652
299
9460
6539
6541
9508
329
5151
779
4141
8294
5822
5385
5219
3348
81
6395
6825
2605
1672
1556
4728
2579
428
2391
7047
7684
868
6748
3019
2252
3628
533
7888
1899
371
4513
4441
7689
3251
4897
7060
3384
1095
5098
5441
1385
8440
3098
2757
1665
1320
1822
7562
4653
211
1219
2089
1475
5890
1340
8987
4667
7394
6004
5756
7039
5045
2676
4033
1535
8360
2439
5115
7911
2884
8443
3965
5221
9608
9675
2907
3157
3319
2075
5299
192
1230
5732
8512
5381
2265
7233
1580
8390
8151
9913
5174
326
6251
461
949
5905
9316
164
7916
7405
4495
1558
7806
1376
8827
3686
1715
882
621
579
268
7012
3318
784
3779
2433
5250
8547
1095
4564
4050
1531
9287
4986
6972
8806
6108
3465
8016
2721
780
7938
5903
9313
3932
6691
1624
3346
1030
255
9011
8174
1980
930
3825
5280
5531
1744
5699
6442
5011
2333
2458
8019
1414
7554
8559
1845
5919
2111
1733
4342
5366
1660
8843
3621
4177
1541
7206
9224
2876
6165
9871
3364
6508
9153
3785
4316
7744
8504
7301
5277
2905
9466
1657
586
1212
2343
5198
3523
3350
3897
8025
9915
6272
1269
3421
2362
322
2158
1231
1472
1148
7882
7418
1692
6483
5817
6212
2572
7337
2915
3809
6453
2609
3426
4678
1094
9585
2512
1136
8216
2392
5041
2598
3912
7202
4
5340
9384
714
4470
1338
898
1615
9688
1469
7439
7258
4755
572
1544
5871
4025
109
1803
4674
4141
3769
9295
8236
8997
8989
4571
8062
4223
5907
8692
7573
7186
3136
38
1951
4102
1615
662
5757
1943
4670
853
5209
3958
8
4455
6777
5888
5619
196
1749
163
394
4527
4582
8815
8669
2742
3631
4281
4855
1737
369
9910
2641
3950
4425
3605
5366
1811
4156
5549
9735
3686
6039
3882
7951
3042
3664
8642
889
6475
4737
5277
4161
4012
678
9524
8456
8847
3396
4985
8332
109
7053
1352
823
6710
6785
2460
5111
2211
4807
1956
4974
1962
8172
9143
5979
2465
4779
8503
1001
9751
31
4658
7734
7328
7685
6462
6694
7743
8213
5798
3369
1529
2657
9696
4715
2647
1471
1538
7050
5916
340
5924
1533
4904
1058
5750
7651
236
5779
6693
7706
2335
582
3179
1921
6401
9706
1045
96
5790
8889
345
54
6069
695
7511
4179
361
3642
9711
2135
3799
796
5523
8923
3241
702
7711
2975
8987
6960
518
1747
812
7599
2638
2282
6584
5486
768
5436
3619
1096
1945
3851
8920
1012
6836
4680
8883
3322
4475
7767
9084
6390
2139
3952
1973
1371
7656
3943
6469
489
593
542
7734
6081
1766
5290
44
8408
903
2323
5064
7691
846
7744
395
3635
1327
1746
7055
489
3023
7792
8418
3675
4931
6260
6532
8351
7915
8995
2788
4247
5311
498
9925
6517
6216
2167
4071
9265
4498
3198
2691
3626
1456
5629
391
3226
2417
6506
9683
8909
9474
5275
5267
4914
9140
3855
2158
5186
3279
3019
5934
5217
9143
4695
2945
3187
1342
3354
3839
3489
6218
8867
8877
6572
5112
6154
2226
1857
2081
5686
7544
3374
7644
5265
981
1476
549
4809
7290
9213
7164
5655
6252
2256
9873
3509
8321
6930
3887
2972
9645
1151
8502
7436
894
3530
8381
4415
6036
3473
8375
6080
8454
2469
5510
6488
4801
2136
1022
2794
1874
6024
2683
7456
9205
2699
293
2916
9087
1307
3059
4355
1369
2500
1566
2607
8590
1451
6456
4725
2615
4962
2668
79
660
3033
743
6890
2783
5847
4663
4314
4588
538
8179
956
5379
7451
2044
6188
9777
901
4995
2825
2315
2423
4475
3686
5012
2152
6991
5074
2338
5083
1335
138
4988
163
2407
3629
4406
665
7193
5937
5617
4859
5085
7908
3244
7591
77
501
3663
9625
2758
148
9834
4913
6836
40
4714
1865
9036
5440
3468
4469
2368
4315
7156
8283
7567
5851
5968
4821
4875
2599
3880
3189
2831
6513
8089
4376
7121
7560
5523
4110
804
4542
1936
9674
8801
9404
982
1685
1335
7781
2158
6695
6000
9033
2693
1768
6374
3611
4419
3956
1750
2068
9803
7982
7779
6953
5858
934
6446
4667
3332
4781
6053
6206
4515
5513
3834
6812
8609
964
7862
7739
1376
9978
1310
2476
3095
1555
9748
1717
9064
8349
704
9409
9776
9950
4913
3094
7615
5032
174
7495
2105
3086
7890
1788
284
1414
5944
5663
1123
1776
5683
168
1977
4405
690
9500
1362
2371
7233
4192
4327
7385
9635
820
1696
3598
4447
8014
6776
4615
8201
6245
59
1496
1554
4384
2611
3770
5218
9421
8019
2750
7093
6374
2707
7473
1540
6721
9230
7201
838
5974
6984
8927
5287
5335
4963
1685
759
9547
1876
9498
965
5019
2450
3508
4750
1842
7215
5309
9521
4382
3067
9081
4085
2412
1892
6854
2877
1891
7170
53
1195
6750
1698
7176
2178
6512
7713
7997
5152
3668
3804
6906
7756
2451
502
873
4877
2922
4938
7238
28
7978
1537
8678
42
5249
1285
2091
8724
5594
4391
422
6934
2656
5487
3740
8142
4585
1282
107
1395
1105
1336
1470
2870
5540
4174
4672
6263
1136
8970
7102
1227
2169
1902
480
8044
9375
3918
137
3650
8478
4373
9900
8081
9045
485
402
1554
1545
9581
9385
9111
4570
1136
2463
6681
1349
2164
3168
1860
3676
3160
2620
3686
1748
9674
2749
5332
4653
9015
9815
3837
6791
6564
32
1587
483
9485
818
9639
519
6956
7151
5924
7687
6684
1029
2879
5312
4670
9490
5389
9718
940
8921
214
5409
796
3701
4377
4003
2616
2894
479
9613
1915
4458
4100
5219
9326
8822
1860
1933
6485
4053
850
3296
2115
6791
159
2924
6165
9485
6425
2118
861
237
2466
6377
1022
8114
6275
8489
4184
245
8080
6089
7348
4001
9197
6253
7506
7347
6529
7346
8288
1761
5370
8989
3919
174
1602
9745
1553
27
7009
8485
6597
6511
8178
709
9302
4553
1818
1159
2768
8453
1687
9265
4053
4350
1845
3034
9407
2276
5271
5614
2919
206
2355
3270
934
4545
9759
2471
9
4545
6107
105
9706
6791
4559
5595
6093
7076
4263
1509
7000
4902
5196
1183
1959
1145
2244
1456
4463
8591
7484
8425
737
338
1606
2163
2657
681
6030
5094
2215
9193
6849
7484
1333
4766
5968
2757
3355
3531
2721
3788
8936
8223
7511
553
6962
9352
1987
6633
1064
4220
3115
8603
5301
6901
5386
7068
8167
6765
5127
9974
7585
9451
4827
3108
3278
9836
9005
2281
6248
22
7072
3154
216
3384
849
617
1998
9430
7897
123
8882
8964
3721
732
1676
2897
119
9674
4434
7318
2307
6767
1504
6286
7023
3147
4157
2201
3583
9857
9739
9212
3053
3984
367
5531
3504
214
434
2857
2654
1008
1015
31
3104
3300
894
9579
1925
5347
776
2571
601
3497
6396
4459
2887
2983
3242
3307
5693
8468
9230
9253
1631
5407
1270
4445
1551
6551
2679
4906
1403
3742
2910
9268
1143
4860
1027
7534
5549
8672
1634
4629
1890
1021
5117
6986
3259
2754
2156
941
9103
6697
4391
9322
2399
229
9925
4553
7139
4134
7877
1872
1751
303
5134
5931
3798
4026
3346
7295
6502
682
6568
3004
8596
257
330
674
4209
739
412
3061
6430
1498
3631
2387
2947
7708
8452
7684
2966
3066
1140
8308
9930
9114
7840
3918
9270
7783
629
1497
6152
4391
258
1847
3689
494
2365
7819
435
9970
7106
9499
2529
4350
6861
5207
9493
9082
4091
3081
2271
6283
6316
9789
4637
5047
1836
1763
142
412
9922
5490
8332
9265
2504
2719
681
1085
4124
46
9096
2695
9222
264
3872
637
2731
4495
7948
4809
6433
1854
1607
9553
7061
5684
8727
2190
3049
8178
8470
7327
8706
1186
1033
1215
5457
1819
9162
6980
8944
7235
4281
7610
8863
4
4707
7503
3087
1826
1153
1792
2960
8059
3605
7012
1926
6384
4752
3847
9761
6516
695
4010
1501
5986
4711
8137
9158
7220
9270
429
1664
1985
1469
9859
487
8006
9827
8764
2355
8729
1643
614
3502
2090
3137
92
4808
7770
2192
2538
2602
2000
8264
6004
4330
1082
1214
1606
5999
2705
1685
350
1398
8993
4140
3802
6436
8199
103
7228
2621
523
8882
2149
5780
4512
9459
5825
4499
2282
4688
7231
93
7263
5937
4452
3651
8689
4855
720
3492
1163
5933
1889
3224
8442
1630
8551
1407
7454
6952
2376
245
9089
3727
8180
7098
8840
6836
6843
9599
615
8343
8878
5874
7881
9019
8868
2958
4816
8569
2718
1501
2890
1016
9629
960
1541
1276
4130
2448
1748
2332
8214
5861
9027
2265
4171
2647
2151
75
3075
4676
4490
653
9343
5937
5765
1661
6059
1716
8190
3293
2360
3313
5589
3085
9914
7156
3290
3501
2547
7263
1697
1517
7119
3300
1496
9208
3106
2740
8
64
8351
5801
9418
8811
8011
1394
3004
255
8433
6429
9636
1354
2550
3498
6069
533
7456
1404
4176
2265
9491
3139
860
5859
1532
7897
8681
4500
4417
42
1537
3772
8264
5015
9168
9704
5176
1244
1861
5577
8462
1265
9930
9240
944
5582
9617
2295
2567
6498
1247
7385
5400
5254
7438
4484
9491
3725
8253
2246
1217
7871
8810
406
2311
8630
8531
4381
5888
6840
8169
7876
9754
199
6407
8671
7183
4374
2322
1691
2855
3965
2576
8372
9932
1134
5966
7066
9102
9128
4445
709
1368
3595
1308
5254
1747
6158
3324
816
8873
1886
9008
6247
3213
408
195
9992
1817
873
1519
1513
7064
9604
8955
4434
885
6196
2228
9357
9603
5650
9744
617
3647
8008
383
2453
4499
6919
3155
6683
4845
5206
5025
3099
5343
3340
5143
8778
151
129
881
634
1234
5184
503
1708
6349
5439
2810
7651
4764
1874
7663
6859
1582
4253
4794
1146
257
664
351
3814
962
9048
2580
1383
2712
9179
4427
1997
8402
3380
8719
4005
7005
3977
5597
7721
8090
1753
6
1558
6720
6817
2737
1250
7918
593
710
1021
2612
1419
2104
3735
834
6939
4371
4595
256
4077
6710
9082
304
5915
6290
4355
8849
758
6405
5233
4326
5912
752
1229
438
9304
3295
2534
6309
7645
6170
615
6915
9174
23
2136
52
5833
6035
9543
5744
1226
4449
8088
507
3678
6722
7722
4071
6273
582
1165
2488
5509
6625
129
6488
8589
5921
9152
7933
3913
2159
6239
2424
8194
580
9936
655
5032
7854
6348
7006
4249
1124
2303
5641
7733
550
3461
8341
2768
9576
6596
1992
1560
1073
2265
9965
968
5454
6471
4876
252
5996
7517
8458
1478
199
1144
3901
8961
4748
5673
7475
3811
5702
6408
1556
1496
183
1465
1860
1228
5860
2302
8702
1897
487
7725
2637
8707
3295
1251
1212
2640
714
7385
1633
764
166
535
3029
4395
6277
4262
3416
6544
6479
314
7778
734
972
7712
8733
1373
2930
5987
2161
2240
5899
7141
5264
2804
9099
5485
228
2171
8449
9324
5237
3754
6188
4277
2191
8768
2176
3868
6691
584
7240
2557
1357
1872
7374
3185
7591
9963
5305
5052
9436
6196
215
8922
8046
8533
779
5324
4428
2294
1512
125
1550
2425
6063
2698
7523
6326
4053
2322
9230
5571
5561
4138
7484
918
4020
7716
2665
4190
8530
1056
8500
9726
976
7555
176
4364
5575
1080
9996
9881
4088
7125
3988
257
3079
1359
4377
1974
925
3536
5792
1576
4505
216
6103
4536
183
8913
6557
5517
6404
2488
9314
1142
1441
841
1980
3041
678
5530
5099
3084
7768
971
1568
6698
9854
1675
7322
200
9216
9199
9504
1248
6465
5647
3606
3438
2543
465
9162
1377
6520
7531
8286
3876
3968
7123
3851
8814
9840
2840
4355
6247
4321
2855
600
2700
6185
5831
140
8916
7221
1542
3560
435
6552
2215
5601
7295
9651
6604
8744
6242
7494
5761
3808
9248
2789
8057
4549
9129
606
9645
4363
3297
4618
49
5765
2414
3971
4633
7528
82
6181
8877
6751
953
6439
3097
4144
7061
236
9336
862
5016
8965
4754
7953
929
7849
3075
131
5708
3240
3966
8172
515
2476
370
9040
2569
3361
3051
1703
6313
3671
7292
7933
1658
8822
6700
3275
4342
4897
2287
2214
9643
1597
7943
4775
481
5428
458
7787
9005
101
1829
2508
2069
815
2177
3535
4789
5534
4053
1327
2578
2980
1724
8794
7373
1884
5593
3482
1403
7179
1320
9559
802
1543
1223
7547
6278
4749
9029
6471
981
6270
2345
4388
15
9962
7142
2428
6042
7152
9229
5977
4501
6499
4884
2158
1660
369
9270
1702
1787
9729
1148
6953
2374
4283
7418
454
121
9677
2620
9037
6795
7850
9858
6204
5993
3189
250
1725
8192
4207
7101
5518
4522
4030
2797
5377
2349
7278
4158
6853
5232
2604
9793
2357
5280
784
9049
7967
6162
8715
6680
8407
1417
4738
5641
5101
3994
106
1492
7500
2910
8180
8653
725
201
5546
9261
1404
7705
9403
3606
4304
1056
6035
7521
1025
9173
5807
27
2701
8136
2240
1663
332
245
7854
661
7437
1435
494
8012
6960
5070
1575
1795
1589
2521
129
9695
4325
8568
6255
7896
5872
932
6591
8980
1046
6912
2368
3960
9258
436
6339
9644
3396
5720
6373
1742
8789
5316
4316
890
4609
6582
3455
3065
7320
6515
7035
1752
9989
3441
2211
9771
8123
2724
9320
1057
8876
1160
7274
6920
4221
2575
3437
2164
1782
3482
3263
9245
5646
4989
633
1127
3319
2559
5605
6999
6341
639
2927
9170
2612
637
6063
7831
1307
40
5605
2256
8268
7780
5589
836
7854
879
6134
5153
2508
675
2518
6617
2015
7694
3152
6426
3257
6848
6368
2291
6292
7397
6342
1764
4779
8901
4234
1445
2118
984
4239
3321
1340
1373
3402
5636
9636
5100
7205
6778
2653
8715
9151
2538
5583
5790
1287
8876
5729
339
5113
6263
8493
8253
3223
9894
3600
1247
332
5835
2006
4939
6957
6613
3046
8043
3361
5406
1033
7344
5763
4056
433
2217
901
9849
6024
6759
3558
2804
6566
7118
9463
7002
6248
5950
6923
8929
7325
4963
7294
1460
3330
1946
1832
2267
8400
5398
833
5628
4420
9297
3863
4546
5824
70
365
8317
3921
7663
3127
4154
9969
2778
5299
1221
2077
3890
5434
3084
1497
5003
3544
7397
5970
1629
9879
8195
8020
2549
7747
7013
2462
6073
8202
6352
2707
9898
2866
4638
7378
3455
3327
3878
5736
7183
597
5326
7716
3359
1387
9887
2795
8893
4065
728
718
4268
3987
1157
5353
9042
4286
1666
3197
9598
115
8122
7792
5293
4746
7973
8179
9743
9369
6241
3732
629
516
9887
1349
5230
4823
7410
2429
7363
2098
7156
7582
2495
4452
8458
9447
1459
1659
4153
2186
2457
5579
7353
2320
6887
3373
8872
4556
6182
6634
1586
9421
7684
9545
7936
4840
8263
5957
1502
7206
7107
6370
4850
8554
4061
6209
7946
2181
7889
2098
3204
1437
6817
3513
9316
8667
8511
9909
4818
9493
3086
2381
8034
8332
7187
427
3896
7574
801
1342
6859
5070
4630
7706
3369
2074
9072
4371
3547
5501
9620
4394
1707
6638
2736
1942
9827
2042
2735
999
2984
9654
8653
1272
9783
1591
1179
9699
4655
2613
9078
473
5951
8493
6867
9649
4737
3030
2750
5921
4199
6950
2211
7291
5012
8230
2620
3530
783
483
1933
5390
244
8151
5132
8147
8811
3160
5972
9384
4029
2238
9980
255
4564
5547
7796
9536
5138
1062
976
5252
7685
9672
2728
8863
2633
331
6766
1116
1855
2096
6146
9007
2093
5616
963
6951
406
2597
1078
8067
7227
7946
1676
3927
1793
2672
1823
2959
453
6722
3677
1395
2334
6875
8665
8203
1010
1815
7822
7717
8795
3351
9685
4341
2027
825
1401
1804
8702
9528
5817
2588
1920
4911
1294
3210
47
836
3165
2069
3489
2547
6975
791
7016
7367
4559
7130
9045
2464
6324
9916
668
786
1136
438
2167
4539
2360
1465
77
1943
7172
810
9940
5831
2777
8928
9508
2143
9238
1739
1214
3055
1036
1751
3917
2789
9218
9553
7036
4048
9623
10
1545
6536
2281
9066
7096
9500
9334
9335
2522
5132
1937
8853
2816
1545
5191
6544
6442
1529
1730
6168
7525
911
9453
8300
5765
7611
9114
2107
2207
7550
1265
4934
7114
5569
3641
8554
2790
4902
2940
6221
3502
9982
102
2167
1770
7644
2718
8931
7657
1227
2760
5045
1549
1836
5402
798
1367
9138
7758
7982
1476
3170
6072
3497
8072
2916
5544
2718
458
3615
4450
340
7632
5749
5932
6149
6653
8938
1895
6368
504
1835
9794
1849
8270
4156
9947
9780
7307
275
168
5858
8693
4787
7829
7451
1193
1979
5982
9165
2699
3265
1951
4547
9000
6217
2427
8298
2542
6682
2682
6544
8415
9554
2422
8317
673
6489
3736
423
6249
6756
4558
8208
4633
8267
4368
4883
1032
6221
2755
9296
9041
690
1421
6339
3311
6306
8554
6060
5911
5812
1855
9018
5366
5113
2813
9977
7597
1130
8072
2542
8634
7151
3417
8528
7001
8689
1408
6826
986
7474
1326
2766
8709
876
9490
620
4043
1000
4786
3443
8463
1552
1309
7991
5878
5910
9103
612
5882
6823
3844
6130
981
2858
736
1337
428
7581
9791
8951
9465
4866
9736
7488
7854
1862
4071
6933
7991
8115
5868
1016
7759
1734
830
607
7781
8339
8163
7799
993
9831
2596
3050
354
879
941
9412
2010
5687
8243
4339
3724
3126
9225
5165
2324
7064
2036
2231
2488
1067
9742
6531
9358
14
2552
5881
2222
5463
2835
7369
3625
1796
5456
2575
9898
8277
1030
2088
1931
2968
2309
5173
8795
2580
9769
1294
6592
4650
1537
873
5416
3336
5856
2603
7444
2656
964
7469
886
2106
2997
8947
3098
1877
8672
1385
4995
483
1205
6958
6680
5830
8189
9350
3023
853
2848
9627
360
4772
9686
6324
3502
9539
7932
1800
1433
6213
3977
6437
1543
6995
7266
412
3964
5682
3611
799
2648
7459
4864
9870
3064
9898
7203
3870
5295
2241
1445
2171
7495
8494
7642
7759
1250
6050
120
6020
9366
915
3553
1254
6968
3388
4690
669
2168
8035
9531
6778
7630
5836
7983
7695
3123
12
3022
3140
3348
7265
4514
1959
1554
8864
4454
691
3709
382
9150
2645
4514
675
5074
2267
6018
2908
6893
2413
581
7440
8038
2689
799
1238
4204
3866
8594
229
4439
8976
7156
347
2509
1350
259
8146
1522
6344
2006
5648
9412
2851
1541
6926
742
9993
860
11
8698
6597
7308
7154
3093
6541
786
5961
9741
7302
2604
1051
2598
7835
5545
1513
4622
2657
8257
2284
3670
2277
7813
9486
9570
6071
4808
2010
6179
6827
6974
4753
899
5197
6307
6879
6543
3749
2304
6829
5708
7947
7977
2200
9299
813
651
2545
4319
4751
9892
4743
7002
8994
3347
3442
7026
8296
5602
3025
1057
5335
7616
4486
1326
3980
6772
10000
5358
7138
5071
9034
5791
2307
4466
2610
5926
9181
9616
4669
8263
7529
3669
9897
3813
8872
6903
3587
3451
8239
4907
745
1242
2726
2123
4931
3780
4203
4823
4654
8856
1403
426
5064
4111
2372
8750
7667
8983
3316
1202
8100
4621
1910
555
1339
5984
1695
1785
4360
6484
3940
2332
7932
2181
847
7606
4638
796
913
7970
5423
8710
1417
7478
5776
1827
1158
4437
1970
2861
9306
6408
1422
5834
7071
2910
4646
515
4655
5682
267
2502
6158
8252
1025
6137
8954
7258
2224
9184
5719
3423
3341
16
3924
5885
7624
3301
5474
2064
9335
1537
2342
5083
4354
7542
5980
2791
1840
9526
9582
2984
6947
6617
2214
6131
8448
4335
945
7581
4674
8950
180
854
1422
1918
3075
1382
7129
7163
383
4630
2793
2411
9488
386
5610
9657
2628
9181
1395
7489
183
5238
1800
8213
451
4665
5073
4815
5353
2857
1802
7143
7953
1325
9132
9752
431
4713
876
782
4743
3759
4594
6931
6289
485
573
8059
6496
760
998
9531
5872
6225
6130
2641
238
9479
523
736
893
678
721
1243
2646
5598
2381
133
4959
1007
3815
262
5663
3539
7897
7201
1857
2396
1923
131
6391
4833
320
7598
2401
3043
8537
6759
3663
3124
2568
7612
8147
4714
9680
8538
9962
8593
1835
5870
4732
4863
6500
443
1281
4987
6150
7676
8247
3680
2404
7530
6610
9471
2715
7056
2932
1635
3221
6157
4909
2313
6496
1609
5107
6415
6990
9516
5557
4924
6301
6587
765
2497
6778
7669
3525
3278
945
3469
2156
2440
5897
2344
2473
8602
6286
7322
6334
186
7214
7932
6416
685
8505
1248
9942
541
3794
3400
7185
6137
2107
5332
8715
2366
8096
7019
5347
3285
5859
3740
4919
93
3576
3701
5859
5850
49
4004
2281
8494
381
7915
3345
7112
9548
7401
7156
5162
4070
6455
2547
3471
2029
9201
6110
77
6736
5078
2418
9575
6450
3841
2513
1366
4986
6697
8600
7304
5004
9525
8925
1369
8184
7908
5720
6322
4257
6060
4196
1664
161
5378
8678
9559
2523
8713
7885
5174
7345
7166
5274
5340
1959
5940
3858
8763
9735
7931
4625
7675
1367
1431
3522
9699
8920
3981
748
8276
2016
1105
5919
9206
8939
3902
8096
6728
7565
1206
1921
7121
1867
4571
1636
1772
3610
7324
4209
3636
264
5508
3350
9676
8570
7920
735
7682
950
944
4966
9861
354
8767
6284
261
1180
1734
9881
7002
9275
206
9665
2087
614
5621
8552
1456
6308
3171
1766
5114
7379
732
7982
1874
9725
6777
2636
7296
1000
2339
3166
6589
7085
399
2196
6148
4956
81
5834
9333
4525
522
8278
623
1194
1843
1325
3903
9707
3775
9371
2868
6418
1947
4450
5301
9928
8138
5938
6597
5864
3215
3930
4741
939
2473
2431
427
1171
6118
9851
4066
9404
385
9559
8290
9583
6270
9052
5553
4377
1785
1733
5418
6619
697
3545
685
3492
2794
1993
1415
7932
7355
1333
3684
9858
3813
404
5506
3561
4062
5779
6776
3678
3149
7181
3959
4589
3438
3548
2543
8404
4968
3743
6293
4520
2798
3244
2915
1175
3891
2328
6432
2430
4513
6005
3554
1004
1131
9707
4338
6998
8561
4027
4431
1868
8980
2223
9814
5084
6619
1494
5168
8022
3446
4927
5099
9488
5569
851
3806
5723
9691
344
1336
4645
1479
4067
344
752
722
8573
418
882
1303
8794
3696
6639
1471
3174
1351
1076
7821
3985
3420
9750
7993
9453
1991
9259
9531
4693
2102
790
8043
6848
4661
8233
8246
5430
2509
1925
5076
9874
3322
2982
9943
4233
8162
941
1030
5930
7379
7102
555
6982
4220
5483
8970
1666
3198
6096
9476
8586
9012
7554
219
57
2721
9681
9078
3799
2665
2101
5191
3889
403
3896
3643
9359
8349
8640
1489
5490
1713
3296
4303
9165
1414
7407
1857
7781
9962
8937
6164
140
1599
869
9842
58
5139
5543
1439
1133
8661
6999
1028
2771
5092
1522
297
5909
1706
5582
6264
2567
4249
932
2815
5773
5781
5849
2790
1424
2370
5709
4626
752
7695
9273
7354
7116
2084
7970
2600
7649
6968
7091
9362
1616
8597
426
6538
3875
9840
1297
1122
6976
3732
3040
5812
4766
5022
1425
1953
8088
1055
8244
8632
7313
989
1589
6617
3367
9803
1946
3035
7354
3754
4833
2091
4623
8207
1402
502
5344
9591
2832
2488
3174
1145
3790
7286
6202
3771
127
2953
8983
7192
8439
684
501
400
4784
1080
1122
2320
8055
9182
5281
2115
825
8997
6168
8985
7448
9060
9588
9192
5379
3602
8560
6320
180
7196
86
3587
2699
1751
1653
2501
1020
9255
4788
6240
7812
7615
102
9739
6946
7290
7486
2076
3187
2217
8036
4843
7790
590
7977
3801
1650
3896
9639
4098
9276
4240
8525
2959
4637
9427
3818
4782
3548
7089
135
8517
8840
4374
6362
2709
4865
1271
8280
6124
6487
1775
1115
7470
5555
2202
7364
5509
2501
6850
3091
934
3741
1384
805
2837
6814
6645
7837
2380
1951
8434
3062
6936
5252
2933
1671
2421
893
7612
8536
5371
8974
4511
6468
1865
6702
4209
8400
8865
6308
3831
235
1060
1839
4797
1078
2799
7620
7493
3478
9718
3918
737
2808
5360
880
9987
6900
6147
6943
3235
4613
3394
3646
3457
2568
804
4489
9499
7219
9815
7895
4097
9800
6484
9130
4919
3449
7653
1896
2875
5150
3460
6575
5719
7941
4582
6004
1817
8634
8936
525
6562
6664
696
7184
5692
5294
8680
3307
1391
6517
3998
5766
9254
2385
8063
9542
3693
1350
830
3699
4350
4669
1887
8811
6604
5287
2321
2888
5359
7025
1915
1984
290
5864
1942
8253
8953
6863
4891
4844
1943
7247
3983
3177
3263
5999
4428
2603
9033
6468
3762
763
3063
8490
1054
5115
9816
9923
5993
3013
4365
5168
6756
1729
7547
8878
4258
1963
3328
7970
9384
6388
249
4153
6496
9832
7971
6057
292
2369
353
5980
3737
8346
8046
478
3097
5574
8819
724
7174
4305
8779
3567
2908
8535
1268
1698
6166
2644
4025
5648
948
827
1374
7466
3499
9116
7580
8152
910
4032
270
3621
507
7078
3451
3600
5161
3107
7508
352
7137
1141
9824
1831
1434
8473
7591
8571
5882
1070
4140
7105
8921
1114
6350
6746
2808
9163
4176
1443
2082
8384
3976
4152
6289
649
5781
9305
6005
6236
2357
1423
4081
9882
2149
5280
1174
8753
4154
9233
1316
3
9120
6956
414
5799
481
1507
237
4558
2200
6339
152
7977
7095
3356
1923
890
6661
5376
9397
776
4732
1418
3134
3334
5522
5569
5977
1110
102
2749
1774
5882
3998
1690
5851
6267
5039
3355
2996
9102
1212
6816
3081
2036
3986
5274
5175
8848
5604
7006
2418
911
8578
7769
3585
3523
2063
4531
4074
1184
3315
903
1791
9899
4462
5202
1737
3967
8335
6618
7989
273
5892
9793
8300
4311
6050
4970
1815
325
1704
9563
5458
6424
1039
7235
7185
1687
3476
1406
5937
1911
7641
4807
4528
6925
4088
8797
7887
1481
1882
9417
3510
305
3272
1295
4857
6923
7888
1299
698
7568
1945
7518
2224
1629
7994
2065
9846
8284
4888
73
3654
6291
1199
8291
8376
1050
500
1186
6357
1459
5928
895
321
7877
1039
5825
9577
2057
2834
1373
1449
3737
8433
8287
6961
1973
6829
2762
1641
4681
1013
9052
1554
8460
847
1750
351
2809
7514
186
820
1075
4993
3990
1645
5349
3698
8688
2595
264
4032
3330
9547
9512
8390
1160
7231
5737
9198
1927
7873
2533
1681
1504
2812
9850
2175
6598
9933
258
2993
3789
8259
6947
2333
9891
3795
2600
3641
899
4591
6623
2292
1863
168
9253
8626
2830
1137
1263
7190
2111
5238
1642
7381
3533
1149
7493
2280
9739
3531
6829
8226
162
7898
7449
4403
5280
1082
7656
3916
8115
2326
7352
2692
1623
3720
6536
3835
1868
95
2496
2701
2427
4592
3791
2649
346
827
4021
1458
4639
7248
6243
6853
9345
7810
9327
236
8933
4746
6060
1619
7864
3103
1498
1817
9352
9236
6922
9370
2552
1602
8980
5290
243
4792
5516
2676
1792
9424
2130
2580
3015
8581
362
2098
3252
2146
9388
6528
9577
7420
7036
4501
617
4770
8172
4987
7282
5443
6881
4630
2730
2625
7556
7095
3950
549
1497
7776
663
7828
2885
648
382
1952
5803
7840
6736
7298
40
4247
8037
1430
9024
8204
3182
8487
2088
9026
8670
7998
406
2441
5963
53
3430
682
5733
9040
1166
3379
4390
238
1876
8772
505
9787
8399
313
6528
1274
9291
3097
5089
1571
9680
5182
5313
8727
789
1190
5028
9483
2402
2441
7683
7476
4643
124
6031
4368
404
38
9509
8630
8601
7729
5411
4830
428
867
6762
9859
2445
7053
8068
8488
341
8548
4167
7737
7419
4078
7195
2180
2523
4927
7961
104
2068
3765
6309
7565
4305
5121
2733
8292
7082
9799
3682
3359
7852
8743
6214
6612
5942
3293
8102
3599
2629
3765
6011
3846
5186
5188
1500
2529
1339
5315
4278
3689
9408
5917
1822
6591
4414
2187
950
592
9713
1534
2158
7512
4149
7229
3837
9478
3518
3263
1809
4175
777
1419
51
8693
131
9054
9758
6664
4168
1373
1521
1757
3198
2395
3315
9103
4259
1614
151
4675
1717
2685
8704
1889
3713
8572
7687
3104
7277
4380
6826
9952
2074
4444
4599
4462
9428
8949
5882
2115
12
3220
1987
3918
5576
2217
859
4148
3817
1664
6505
5765
1149
45
2208
8016
5686
9070
5995
9290
3851
5563
4588
7595
1950
6433
912
3881
2014
9648
9271
4409
5389
8866
7075
3091
1509
1437
4480
3238
9510
2954
8051
6860
1667
838
2581
1583
126
2905
1634
2076
6545
7238
7548
695
591
562
9350
2991
7961
1897
7582
4931
2197
1437
8362
9973
8797
7616
6295
2046
9748
6756
5774
4274
6990
2096
3528
741
4608
2150
7651
1583
421
8563
9189
9772
9091
5127
448
3911
174
5174
2263
296
9851
6414
4832
1339
839
8746
1146
8707
9385
1157
9761
3166
3670
4051
1472
2267
4852
1229
3431
8474
1681
1900
1245
9507
8836
6312
2151
1001
1619
6000
8553
1280
4215
7165
108
4509
8333
2626
7665
7213
2495
2135
7509
937
3859
8439
2166
936
6866
4150
6837
3957
3819
2183
6476
9811
6584
9884
1506
3006
3634
1327
7181
52
7601
6641
2455
115
342
4722
5507
2325
2365
3552
6690
1066
8077
5731
2385
148
2034
1112
2070
857
8701
2012
1435
9220
6617
2268
1274
3677
385
5147
2666
9546
4305
8452
7544
6566
1531
5840
8121
7426
5963
8857
4079
345
8604
7904
8858
5768
2028
3597
738
8701
1021
1029
930
8734
9662
6704
550
78
570
187
553
8557
2303
5788
5688
1117
6626
1685
4443
5596
5008
6618
9397
1646
1624
5670
3177
5050
9432
6507
1856
4169
5541
7608
6328
746
2895
2624
1375
9818
9556
2377
7409
5570
4323
2498
4606
1569
420
5001
7200
4075
4902
6059
4235
82
617
8477
2421
484
6046
9867
4616
6182
2620
3327
1718
5648
2708
740
7661
3816
7238
1915
827
8771
4005
9246
6659
729
8841
35
144
5336
5796
5988
4826
9612
7432
4508
9159
3182
5654
3284
4547
2506
5450
6800
4979
9686
4709
723
727
1840
9114
3274
3886
503
9742
7352
1614
5789
7882
7005
5284
474
8754
332
4809
7508
1211
8989
5286
6719
1257
7024
2889
5920
5590
5380
552
1574
954
759
9301
3130
3511
1358
1763
2806
6372
487
3881
3413
829
2093
3956
282
6825
5372
8001
8819
2236
7574
955
4367
3997
8165
2754
8045
9130
2386
5597
6951
8251
7990
3985
1311
7125
8111
9586
4649
5184
212
5273
4650
7643
1292
7447
5247
2271
8044
90
1904
8081
7424
1805
8022
8075
4445
9124
8283
525
2644
1065
5617
1552
9145
5552
5014
1180
1444
9042
1927
9451
4903
2248
2787
45
3794
3606
2785
3805
7636
8635
1203
9156
2739
5573
4813
5836
5950
9930
2113
9831
5248
1700
2605
562
535
9421
3416
804
774
2844
4696
6123
6360
5902
9960
5354
7527
1304
1704
9355
5788
4140
1701
4235
8151
7179
3259
1606
656
2202
2792
4401
2495
3271
8802
4199
1898
2878
7308
2885
4253
4727
2709
4138
8735
7506
3313
9257
1922
438
6045
6066
9259
1750
3389
2160
2563
6406
4344
8931
8893
5916
2422
2721
5417
4266
3097
7832
9784
8923
9722
8216
1537
3916
5413
1647
5764
205
1607
7508
7917
9160
1239
296
2698
1249
7875
138
848
222
3213
7802
3340
2922
2582
576
2086
5268
3000
6046
1402
4125
9770
7651
5482
1730
6416
3249
4606
1783
8610
1458
2414
9413
2414
2086
337
7060
4544
7136
7687
461
1936
7427
7332
2473
4765
6582
6541
2350
8489
2639
6312
764
2645
9343
5983
6674
3487
2762
6470
2967
1400
9755
6590
1398
4395
6229
9832
1016
8859
1564
5421
8904
9516
3461
1022
8468
7173
492
8792
9840
3700
5093
9194
223
5778
5349
1674
6580
2393
449
8756
3589
371
9415
4820
1874
629
1196
2887
9589
1292
821
669
3898
1878
6314
2450
9440
6853
9352
3117
8625
2463
5638
9848
6831
985
2251
7153
3071
1990
8558
2912
3658
1994
3053
8522
321
2564
7442
1861
9426
1163
3443
1550
2041
184
7305
312
1336
4165
276
5301
5081
2772
188
7657
6787
2323
7771
1293
492
6366
3017
3810
7822
7750
3352
2310
5549
273
9105
1468
6279
8337
798
2151
3725
8681
9738
2887
274
14
4278
4328
2145
5082
9406
5430
932
9927
4155
6166
6978
9306
4506
5905
2600
5198
8589
7842
9084
6290
5072
7074
8845
453
7086
3601
4831
6850
6133
8040
1478
5847
4136
3453
1009
1242
2100
2791
7513
7245
7557
883
4458
3217
7385
1542
225
2442
4341
7204
9014
7314
679
864
7692
4000
6571
4692
567
3866
5458
9828
349
9192
6529
4670
1120
5563
7366
20
2187
1038
5887
526
5883
5740
5230
9881
6496
898
7320
2293
4452
6966
2174
142
8027
3241
4654
6792
1628
3065
8666
3584
4159
2585
5432
8705
8487
981
2444
9749
2482
3073
963
1677
9694
8673
833
6274
158
5295
1534
2668
2766
1336
6093
5635
5235
5752
1261
1701
6966
1943
387
3607
3123
2947
7655
7791
4605
8432
9326
6961
8869
6734
1896
4121
890
747
6203
5657
131
904
2128
467
2347
7903
9884
2121
9340
2421
7457
2722
2095
7693
4470
8240
6562
6670
8373
2896
4763
7477
6452
4530
924
414
3398
7450
2728
4847
9794
2549
1670
6309
1540
8256
2611
1076
211
5030
2236
4681
1603
200
781
4434
6747
3714
1203
8992
58
3724
8041
139
1478
446
8401
1351
3013
4455
9488
9095
9279
4896
2975
639
5044
2876
9536
493
5722
4915
8766
43
425
2143
584
8750
6731
1382
3951
5699
3550
1482
6238
5371
8508
2286
153
9028
1117
6666
9241
234
1547
224
6888
6333
6278
7135
1815
8885
8745
1912
104
8259
717
3599
4553
5850
8684
484
3582
5886
2521
3347
7714
3516
3630
8281
3519
1770
3686
2649
2780
7472
9932
1182
5350
6375
6180
881
1939
2513
3592
6812
5907
3466
2101
8352
2295
637
552
7076
3511
9193
707
3536
4622
150
6613
9017
9401
3987
9528
1405
5760
4178
9756
5537
8788
9830
6820
1625
3418
731
3792
2761
2166
7575
2571
1689
8907
479
6726
7870
7330
8573
212
9462
4602
2241
9207
196
1647
5094
283
6206
1022
3415
2786
6179
1191
3537
4800
9456
3556
8122
3783
5253
2282
7506
7414
4868
6045
1369
6349
4697
3272
289
437
7280
6317
6454
9613
9875
8746
587
7656
1828
7965
2407
7237
1114
2266
416
5087
4895
682
3430
8295
441
9830
4563
286
647
3620
7298
2247
1743
4209
1150
9148
181
2224
6380
8016
1230
1058
3739
1717
1782
9782
842
543
3471
3587
1164
1017
2732
5844
5096
198
8525
259
2291
4907
523
2569
5346
9227
5542
7652
8506
4178
1788
8571
9771
8278
861
1886
6669
5371
2781
5153
2569
2119
8730
8602
5323
7686
6495
9417
8487
4350
8664
3656
3081
596
7495
2083
3361
5777
519
1290
5791
4496
5534
1556
9612
3481
3880
3639
6505
1587
1345
9317
2827
7829
4723
3704
4680
1326
8450
34
363
7589
1300
3054
9870
9507
533
5147
584
2369
1753
4682
4213
828
5283
2246
4742
1456
4358
8900
9224
1699
9962
3003
4857
9985
2706
7157
2632
3769
2363
118
5485
437
295
589
601
6623
5643
8537
414
5923
2838
7565
1058
5040
9171
8887
2001
947
3184
7662
8577
7109
4320
3498
3290
115
3518
1864
357
1375
7972
4814
1699
2629
1866
5804
7602
2529
9266
4516
8716
2575
1860
8779
6928
1826
4070
4592
6853
9913
1902
1788
1628
2048
7147
811
6918
1731
7584
3674
2342
4408
9283
1361
392
5885
1813
5652
5441
5103
4882
9140
2745
445
2652
2875
7431
5948
1123
2424
9995
1068
8872
7783
8754
6347
2674
4277
6997
2025
1521
7539
3619
428
6272
6952
3265
5605
2128
4492
7535
6130
1939
9490
7757
1333
8006
742
9789
533
9139
9240
746
5267
3110
5095
874
2672
5566
1489
1712
7405
3222
5817
5301
9827
3189
8107
2792
6405
8851
8557
5075
9154
8621
3670
2096
9023
298
3443
3468
6005
2270
5687
3659
886
8751
2275
4988
9286
295
8294
3406
6264
6778
8279
6275
5830
7481
9601
2836
4885
5909
1486
5334
8856
7383
8039
2107
8211
4256
2219
6779
1155
9564
3438
1909
2749
9517
8051
337
8981
4533
4334
4120
672
5860
9331
8742
2795
3635
7235
1422
4093
2351
4328
590
2746
6650
2750
2757
1114
2495
4645
1347
7609
9877
2420
6672
2128
7014
3025
3311
1221
7456
270
52
4686
9259
790
8212
9612
9340
2296
1804
3525
5113
5538
4741
8402
6350
6211
7014
6394
9984
1242
6571
7054
800
818
4980
9512
739
738
7009
7230
6975
5024
7100
1579
888
6343
743
3535
6556
8169
8633
1893
715
2678
6691
1766
2379
3388
6471
6397
6811
9937
5163
9546
359
3376
1866
1835
7003
1073
8908
2136
5276
1308
856
5533
7011
2622
8471
1886
3211
957
3482
2662
797
6249
1422
3312
7673
1972
2415
5449
3720
7763
3147
5206
1920
5861
8217
5250
5544
6852
1498
2827
4973
2857
8302
1022
1780
5365
1306
351
1504
7789
393
7438
2118
8629
7232
7414
5599
1745
294
7096
5503
1928
9860
6984
3748
2298
153
662
2912
8307
3346
95
1258
1664
6120
661
4466
482
5242
1916
6836
9585
2029
2582
2095
2370
7424
8514
6567
9676
8021
4097
375
4279
2413
3433
1147
4966
723
9885
6316
2007
3564
2028
4221
745
7917
1817
3927
1293
4046
700
8880
8288
3518
903
7728
9127
4151
8347
9719
2060
435
123
6137
4073
1231
8705
8156
2706
4366
3953
5316
232
1809
2315
6525
9675
9766
8308
9673
7455
4799
2583
8809
6866
9685
4423
5601
3501
108
9785
168
8986
3768
9136
8477
7973
8352
4249
7553
2613
754
5880
4592
9901
3816
7474
4033
750
3594
397
3569
7104
660
117
3770
3776
9513
4384
5722
1964
1303
8532
1761
493
6717
3239
5435
1748
2522
7111
3616
2808
952
5132
1176
7039
3098
6859
1346
59
9329
7564
2598
4711
2565
382
2410
6802
6146
8473
451
1163
1521
7588
8156
1486
4904
9288
171
6877
4101
2709
9362
2435
2951
7619
9987
613
9245
8188
7336
3018
1060
8505
3330
7692
4762
6058
9344
9215
7960
3593
4499
6850
624
8321
671
6820
8116
587
3733
1177
6759
3753
6542
1661
4439
1239
1066
1464
9627
3711
9611
2226
4265
3900
5755
5337
4812
8193
3461
5312
9188
8634
7699
4954
4558
4931
4900
5144
5830
4120
9520
5408
1946
8557
5646
1679
2801
335
1269
607
459
9578
8978
9612
9659
8109
2219
1571
3586
2363
2385
5949
2062
3395
7771
6043
1507
7218
704
1666
1688
4391
517
2201
4421
1032
1433
4704
6812
1235
6412
931
5734
3703
3287
5359
9343
1940
1880
501
9733
2512
2476
1933
2972
2428
2019
860
5734
2278
8382
1545
1793
9584
3132
1596
2257
2385
4630
3977
4944
1179
3591
9964
9987
5133
1888
3444
7887
953
7323
869
7979
8184
8830
8936
9704
6733
8402
2022
351
5576
8037
2038
6409
1564
3357
1043
4069
7730
4702
993
2597
2159
557
8177
1066
8516
1798
6099
1250
7156
6251
6059
3599
6220
814
2583
2505
3758
1698
4016
3478
5406
204
3120
9961
2481
2303
2627
1785
1170
2617
3809
4868
2615
2952
7914
2900
3028
2609
6579
7856
9006
3186
6864
5174
4594
998
2290
1320
5703
105
7043
3780
2897
9693
1328
9336
2632
8972
311
646
6249
846
5968
1012
203
462
3393
9960
1748
9880
1932
7522
1405
3302
5948
1834
1348
6220
8496
7483
2912
1408
407
1536
2010
2814
1453
5583
1530
1946
3765
3667
8271
599
7575
7214
9027
1736
1771
4494
2287
2373
1927
5295
6779
6896
6150
8786
1816
9289
8202
2028
3249
8511
819
9266
9535
1847
9312
9444
6205
466
8997
2712
8140
6282
1454
9352
2408
6701
9315
4830
7850
8654
8428
4847
2926
6616
7719
3478
2472
52
1127
2915
1027
2205
2400
5571
7866
578
1745
3057
9067
588
2192
7421
5128
4880
9756
237
5648
8711
7999
9841
14
492
8786
5083
7936
7462
6
510
5386
6023
784
5031
7004
100
1141
2362
2226
1526
9383
3790
42
1791
4174
747
5803
1041
122
4066
7732
700
3367
4478
7651
8391
8610
3530
807
7857
8076
3955
4392
7288
4477
2960
8389
3226
3211
2095
670
