10000
10000
9999
9999
9998
9997
9998
9996
10000
9995
9994
9992
9992
9991
9991
9990
9989
9989
9994
9988
9988
9987
9988
9986
9993
9985
9987
9984
9984
9984
9982
9981
9980
9980
9980
9979
9979
9978
9978
9978
9980
9977
9977
9976
9982
9975
9975
9975
9974
9973
9973
9973
9969
9969
9970
9968
9967
9965
9965
9995
9964
9963
9963
9963
9962
9962
9962
9962
9987
9961
9961
9960
9959
9957
9956
9955
9954
9955
9953
9953
9952
9952
9952
9951
9951
9950
9950
9947
9947
9947
9945
9945
9945
9949
9943
9942
9942
9943
9940
9939
9943
9938
9938
9950
9937
9937
9936
9936
9936
9935
9937
9933
9933
9932
9932
9931
9930
9930
9930
9932
9928
9928
9927
9927
9928
9926
9925
9925
9925
9924
9924
9927
9923
9923
9923
9922
9922
9921
9921
9935
9920
9920
9919
9915
9914
9914
9914
9913
9916
9911
9910
9913
9909
9909
9908
9908
9906
9906
9906
9905
9905
9906
9904
9902
9913
9901
9900
9900
9899
9899
9898
9898
9898
9897
9900
9896
9896
9895
9896
9894
9894
9894
9893
9893
9894
9892
9902
9891
9891
9904
9890
9890
9890
9890
9887
9887
9887
9885
9885
9885
9885
9885
9884
9884
9884
9884
9884
9887
9882
9882
9881
9881
9881
9881
9881
9987
9880
9879
9879
9880
9877
9877
9876
9876
9876
9875
9875
9875
9874
9873
9872
9873
9871
9870
9870
9870
9871
9867
9867
9877
9866
9865
9864
9866
9863
9863
9862
9866
9861
9861
9861
9861
9864
9860
9860
9859
9859
9859
9858
9858
9858
9857
9860
9856
9856
9856
9856
9854
9854
9852
9852
9852
9851
9851
9851
9851
9851
9850
9850
9849
9848
9848
9848
9847
9858
9846
9846
9845
9845
9846
9844
9843
9842
9842
9960
9841
9840
9840
9840
9840
9840
9839
9840
9838
9838
9836
9836
9834
9834
9833
9833
9832
9832
9832
9832
9831
9831
9831
9831
9831
9830
9830
9828
9828
9828
9830
9827
9827
9827
9826
9827
9825
9824
9823
9830
9821
9821
9819
9818
9817
9816
9819
9815
9815
9814
9809
9815
9808
9811
9807
9806
9804
9806
9803
9803
9803
9802
9802
9802
9810
9801
9801
9800
9800
9827
9799
9799
9799
9798
9796
9795
9794
9794
9794
9793
9793
9792
9794
9791
9791
9791
9790
9790
9799
9789
9789
9789
9788
9787
9787
9785
9785
9785
9784
9784
9783
9782
9781
9780
9780
9777
9782
9775
9773
9772
9771
9771
9771
9770
9776
9769
9769
9768
9785
9767
9767
9767
9766
9766
9764
9763
9761
9759
9759
9760
9758
9758
9761
9756
9756
9756
9761
9755
9755
9755
9754
9754
9755
9752
9752
9752
9751
9752
9750
9750
9749
9749
9750
9748
9748
9748
9764
9746
9745
9746
9743
9744
9742
9742
9741
9742
9740
9740
9739
9739
9736
9738
9735
9735
9735
9739
9734
9734
9738
9733
9732
9733
9730
9730
9729
9728
9727
9727
9726
9726
9726
9729
9725
9725
9725
9731
9724
9724
9723
9723
9724
9722
9722
9720
9719
9719
9719
9717
9717
9718
9716
9718
9715
9715
9713
9712
9712
9711
9711
9710
9707
9707
9707
9707
9707
9707
9709
9706
9706
9706
9704
9706
9699
9699
9699
9698
9698
9698
9698
9699
9696
9696
9696
9695
9696
9694
9745
9693
9692
9691
9688
9688
9687
9688
9686
9686
9685
9685
9685
9685
9683
9682
9681
9681
9683
9680
9680
9680
9679
9678
9680
9677
9676
9676
9682
9675
9675
9674
9674
9674
9672
9672
9671
9671
9670
9672
9669
9668
9668
9674
9666
9666
9666
9665
9665
9665
9665
9665
9665
9676
9664
9663
9663
9663
9662
9661
9662
9660
9673
9659
9659
9657
9657
9657
9657
9657
9655
9655
9658
9654
9654
9654
9653
9651
9653
9650
9649
9652
9648
9648
9648
9647
9647
9645
9645
9644
9644
9644
9645
9643
9643
9640
9639
9639
9637
9637
9637
9643
9636
9636
9636
9634
9634
9635
9631
9631
9630
9630
9629
9627
9627
9631
9626
9626
9626
9626
9626
9625
9623
9623
9623
9623
9622
9620
9620
9619
9618
9617
9619
9616
9614
9627
9613
9613
9613
9612
9612
9612
9612
9635
9611
9609
9610
9608
9608
9608
9607
9607
9605
9608
9604
9604
9604
9604
9603
9603
9608
9602
9602
9602
9602
9601
9601
9600
9600
9627
9599
9598
9597
9599
9596
9596
9595
9595
9594
9594
9593
9593
9592
9594
9591
9591
9591
9612
9590
9590
9589
9589
9588
9587
9587
9586
9588
9585
9585
9584
9583
9583
9583
9582
9588
9581
9581
9579
9579
9578
9577
9577
9576
9576
9577
9575
9575
9574
9573
9577
9572
9572
9570
9570
9570
9569
9569
9572
9568
9568
9567
9566
9566
9580
9564
9564
9564
9563
9561
9562
9560
9560
9559
9559
9559
9558
9559
9557
9557
9556
9556
9556
9554
9554
9554
9556
9553
9553
9553
9584
9552
9552
9551
9551
9551
9549
9548
9551
9547
9547
9547
9546
9546
9547
9545
9545
9545
9545
9544
9546
9543
9543
9543
9542
9542
9542
9542
9541
9543
9539
9539
9538
9538
9536
9536
9704
9535
9535
9533
9533
9534
9532
9531
9531
9531
9530
9535
9529
9529
9529
9532
9528
9528
9528
9528
9528
9526
9525
9525
9525
9524
9532
9523
9523
9521
9521
9522
9520
9520
9520
9521
9518
9517
9516
9516
9518
9514
9514
9513
9513
9512
9512
9512
9512
9512
9510
9510
9509
9509
9509
9510
9508
9508
9508
9508
9508
9507
9507
9507
9507
9505
9505
9505
9504
9504
9503
9504
9502
9502
9505
9501
9500
9500
9500
9499
9499
9499
9499
9500
9498
9497
9512
9493
9493
9492
9491
9491
9491
9491
9491
9491
9490
9490
9490
9489
9489
9489
9488
9488
9488
9487
9487
9486
9488
9485
9485
9484
9484
9483
9483
9490
9482
9482
9482
9482
9480
9481
9479
9479
9479
9478
9478
9478
9476
9476
9476
9481
9475
9474
9474
9473
9475
9471
9471
9469
9469
9469
9469
9467
9468
9466
9466
9471
9465
9465
9471
9463
9462
9462
9461
9486
9460
9460
9459
9458
9458
9457
9474
9456
9455
9454
9456
9453
9453
9452
9453
9451
9451
9456
9450
9450
9450
9449
9449
9448
9448
9449
9447
9447
9446
9451
9444
9442
9440
9444
9439
9439
9438
9436
9435
9435
9433
9433
9443
9432
9432
9432
9430
9430
9429
9430
9428
9427
9427
9426
9426
9425
9425
9425
9427
9424
9424
9424
9424
9421
9421
9421
9420
9420
9419
9418
9418
9417
9417
9417
9420
9415
9415
9415
9414
9413
9413
9413
9421
9412
9412
9411
9411
9411
9411
9411
9411
9441
9410
9410
9409
9409
9410
9408
9408
9408
9407
9406
9406
9404
9404
9403
9402
9402
9402
9401
9401
9400
9400
9400
9399
9399
9397
9397
9405
9396
9396
9391
9391
9388
9388
9388
9389
9386
9386
9386
9394
9385
9385
9385
9385
9385
9384
9384
9384
9756
9383
9383
9381
9380
9380
9379
9378
9377
9376
9380
9375
9375
9375
9374
9375
9373
9371
9369
9371
9368
9367
9366
9372
9364
9364
9370
9363
9362
9362
9362
9362
9359
9362
9358
9358
9358
9361
9357
9356
9356
9356
9355
9355
9355
9355
9354
9354
9353
9353
9363
9352
9352
9352
9352
9352
9351
9351
9350
9350
9349
9348
9349
9346
9346
9346
9346
9346
9350
9345
9345
9350
9344
9344
9344
9343
9343
9343
9341
9341
9341
9340
9340
9340
9340
9336
9336
9336
9335
9335
9335
9334
9334
9334
9334
9334
9334
9333
9333
9333
9332
9331
9330
9330
9331
9329
9329
9329
9329
9327
9327
9326
9326
9326
9324
9324
9324
9324
9324
9322
9322
9321
9322
9320
9343
9319
9319
9318
9316
9316
9316
9315
9315
9314
9314
9314
9313
9313
9313
9313
9313
9314
9312
9311
9311
9309
9309
9317
9308
9307
9307
9307
9306
9306
9305
9304
9304
9304
9304
9304
9302
9303
9301
9301
9301
9302
9300
9300
9300
9299
9299
9297
9297
9297
9296
9295
9295
9295
9294
9294
9293
9291
9290
9289
9312
9288
9287
9287
9287
9286
9286
9282
9281
9281
9279
9279
9279
9278
9276
9276
9276
9283
9275
9273
9273
9272
9286
9271
9271
9271
9270
9270
9270
9270
9268
9267
9297
9266
9266
9266
9266
9265
9265
9262
9261
9263
9260
9259
9259
9259
9258
9265
9257
9259
9255
9255
9255
9255
9259
9254
9254
9254
9254
9253
9253
9253
9252
9252
9253
9251
9251
9289
9248
9248
9248
9248
9247
9247
9246
9246
9246
9248
9245
9245
9245
9244
9244
9243
9241
9242
9240
9240
9240
9241
9238
9236
9238
9234
9240
9233
9233
9233
9232
9232
9230
9230
9230
9229
9229
9229
9229
9229
9228
9228
9228
9227
9227
9225
9226
9224
9224
9224
9223
9222
9221
9227
9220
9220
9220
9219
9218
9217
9229
9216
9216
9216
9215
9214
9214
9213
9213
9213
9210
9209
9209
9213
9208
9208
9213
9207
9207
9207
9212
9206
9206
9212
9205
9203
9205
9202
9202
9201
9201
9201
9199
9199
9199
9199
9198
9198
9198
9198
9198
9197
9194
9194
9193
9192
9193
9190
9189
9192
9186
9193
9184
9184
9184
9183
9183
9183
9182
9181
9181
9181
9180
9180
9179
9179
9178
9179
9176
9176
9176
9175
9174
9173
9171
9170
9172
9168
9167
9165
9164
9164
9163
9162
9162
9162
9161
9160
9160
9160
9165
9159
9158
9158
9157
9157
9188
9156
9156
9156
9156
9156
9156
9155
9154
9153
9153
9156
9152
9152
9151
9150
9150
9148
9147
9147
9146
9152
9145
9145
9145
9145
9162
9144
9143
9143
9143
9142
9143
9141
9141
9141
9140
9140
9139
9139
9138
9140
9137
9141
9136
9136
9132
9132
9136
9130
9130
9169
9129
9129
9128
9127
9127
9126
9126
9126
9126
9126
9125
9125
9124
9123
9124
9122
9122
9127
9121
9120
9119
9119
9118
9118
9116
9114
9114
9114
9114
9113
9114
9112
9113
9111
9111
9122
9109
9108
9107
9107
9106
9105
9105
9105
9105
9104
9103
9103
9107
9102
9102
9100
9102
9099
9101
9098
9098
9098
9102
9096
9096
9095
9094
9094
9093
9103
9092
9091
9090
9089
9089
9088
9090
9087
9085
9085
9085
9085
9084
9084
9084
9083
9082
9082
9082
9081
9081
9081
9081
9080
9080
9080
9078
9078
9078
9077
9076
9092
9075
9074
9073
9072
9072
9070
9070
9070
9069
9312
9067
9066
9066
9065
9063
9061
9060
9062
9059
9064
9058
9058
9055
9055
9054
9054
9054
9054
9053
9052
9052
9050
9052
9049
9049
9049
9048
9048
9049
9047
9047
9045
9045
9044
9043
9045
9042
9042
9042
9041
9041
9044
9040
9040
9040
9038
9040
9037
9036
9036
9035
9040
9034
9034
9034
9033
9033
9033
9032
9031
9030
9029
9029
9029
9028
9028
9028
9031
9027
9027
9027
9027
9026
9027
9025
9025
9024
9024
9023
9023
9026
9020
9019
9019
9018
9017
9026
9016
9014
9014
9012
9012
9011
9011
9011
9011
9015
9010
9014
9009
9008
9008
9007
9007
9006
9007
9005
9005
9005
9006
9004
9004
9003
9004
9002
9002
9001
9002
9000
9000
9000
8999
8999
8999
8999
8999
8998
9001
8997
8997
8996
8995
8995
8994
8994
8997
8993
8992
8992
8992
8991
8990
8993
8989
8989
8988
8989
8987
8987
8987
8986
8986
8987
8985
8985
8985
8984
8983
8983
8983
8983
8982
8989
8981
8981
8980
8980
8980
8980
8978
8976
8976
8976
8979
8975
8980
8974
8974
8974
8976
8973
8973
8977
8972
8972
8972
8971
8972
8970
8970
8970
8970
8968
8965
8964
8964
8963
8972
8961
8961
8960
8959
8957
8956
8968
8955
8955
8954
8953
8953
8953
8955
8952
8951
8951
9058
8950
8950
8949
8949
8949
8948
8948
8947
8947
8947
8947
8945
8945
8944
8943
8942
8944
8941
8941
8941
8940
8943
8939
8938
8938
8937
8997
8936
8936
8935
8935
8934
8936
8933
8933
8936
8931
8931
8931
9315
8930
8930
8930
8929
8928
8929
8927
8925
8924
8925
8923
8923
8923
8923
8922
8921
8921
8920
8920
8920
8918
8927
8917
8917
8916
8913
8913
8917
8911
8910
8910
8910
8909
8909
8908
8907
8906
8906
8906
8906
8904
8904
8904
8902
8902
8921
8901
8901
8899
8897
8897
8897
8895
8896
8894
8894
8900
8893
8893
8893
8891
8901
8889
8888
8888
8887
8888
8885
8887
8883
8883
8924
8882
8882
8882
8882
8880
8880
8879
8879
8878
8878
8880
8877
8877
8877
8880
8876
8876
8875
8876
8874
8874
8877
8873
8873
8873
8872
8872
8872
8872
8871
8871
8870
8869
8869
8869
8868
8868
8868
8867
8866
8866
8866
8865
8865
8865
8864
8864
8863
8863
8863
8863
8861
8861
8887
8859
8859
8859
8858
8858
8858
8857
8857
8857
8857
8856
8855
8853
8853
8857
8852
8852
8858
8851
8851
8851
8851
8850
8850
8849
8849
8848
8847
8847
8846
8856
8845
8844
8845
8843
8841
8841
8849
8840
8840
8840
8840
8839
8836
8834
8832
8830
8830
8830
8829
8829
8829
8835
8827
8827
8825
8824
8823
8823
8826
8822
8822
8822
8822
8822
8822
8822
8820
8844
8819
8819
8818
8819
8815
8815
8814
8814
8813
8812
8812
8812
8811
8811
8811
8811
8811
8811
8811
8810
8810
8809
8808
8809
8806
8808
8805
8805
8809
8804
8801
8801
8801
8800
8798
8797
8797
8797
8797
8802
8796
8796
8796
8796
8795
8795
8795
8796
8794
8794
8793
8794
8792
8791
8789
8789
8789
8789
8806
8788
8787
8788
8786
8786
8782
8781
8781
8781
8786
8779
8779
8779
8783
8778
8778
8777
8778
8776
8775
8774
8773
8773
8773
8773
8779
8772
8772
8771
8769
8769
8768
8768
8768
8771
8767
8767
8767
8767
8767
8767
8766
8766
8765
8764
8764
8763
8763
8763
8766
8762
8762
8761
8760
8759
8759
8772
8758
8757
8756
8755
8763
8754
8754
8754
8754
8753
8753
8752
8754
8751
8751
8751
8751
8750
8750
8749
8747
8747
8768
8746
8746
8746
8745
8744
8743
8742
8742
8741
8744
8740
8740
8739
8740
8737
8737
8737
8744
8736
8735
8735
8734
8734
8735
8733
8733
8733
8733
8733
8952
8732
8731
8730
8728
8732
8727
8727
8727
8725
8724
8722
8722
8723
8721
8729
8720
8720
8724
8719
8719
8718
8718
8718
8716
8715
8715
8715
8715
8715
8714
8714
8713
8718
8711
8710
8709
8708
8707
8707
8707
8706
8706
8706
8706
8706
8705
8705
8704
8703
8705
8702
8702
8702
8702
8701
8701
8701
8699
8699
8699
8698
8698
8697
8697
8696
8694
8696
8693
8693
8693
8697
8692
8692
8692
8690
8692
8689
8689
8688
8688
8688
8688
8688
8705
8687
8687
8687
8686
8685
8684
8682
8681
8681
8681
8681
8682
8680
8680
8679
8678
8677
8677
8679
8676
8678
8675
8676
8673
8672
8672
8672
8671
8671
8671
8670
8669
8669
8668
8667
8667
8666
8666
8665
8665
8665
8663
8664
8662
8662
8662
8665
8661
8656
8655
8657
8654
8654
8653
8653
8653
8652
8650
8653
8648
8648
8648
8646
8644
8643
8643
8642
8673
8641
8640
8637
8638
8636
8636
8636
8636
8635
8711
8634
8634
8634
8634
8634
8634
8633
8633
8632
8631
8632
8629
8629
8627
8626
8630
8625
8623
8630
8622
8622
8622
8622
8631
8621
8621
8620
8620
8619
8617
8614
8613
8613
8613
8614
8612
8612
8611
8786
8610
8610
8610
8609
8607
8609
8606
8606
8606
8605
8604
8604
8602
8601
8600
8597
8597
8602
8596
8596
8595
8595
8595
8594
8594
8594
8593
8593
8592
8590
8590
8591
8589
8589
8589
8588
8603
8586
8586
8586
8586
8585
8584
8584
8584
8583
8586
8582
8582
8581
8580
8580
8580
8581
8579
8579
8578
8578
8578
8578
8577
8577
8576
8577
8573
8573
8573
8572
8571
8571
8571
8571
8570
8570
8570
8569
8569
8568
8568
8568
8567
8568
8566
8563
8563
8563
8568
8562
8566
8561
8560
8560
8559
8558
8558
8574
8557
8557
8557
8557
8554
8554
8554
8553
8553
8552
8553
8551
8549
8548
8548
8551
8547
8554
8544
8544
8543
8542
8541
8541
8541
8543
8538
8538
8537
8537
8537
8537
8537
8541
8536
8536
8535
8535
8536
8534
8534
8534
8533
8533
8533
8546
8532
8532
8532
8531
8531
8530
8530
8531
8528
8528
8528
8527
8526
8526
8530
8525
8525
8523
8523
8522
8522
8540
8521
8519
8518
8515
8515
8517
8514
8514
8518
8513
8513
8513
8512
8512
8514
8511
8511
8510
8511
8508
8508
8507
8506
8506
8506
8506
8511
8505
8505
8516
8504
8504
8503
8503
8503
8502
8502
8502
8499
8500
8498
8498
8497
8528
8496
8496
8496
8494
8494
8493
8493
8493
8492
8492
8491
8490
8492
8489
8489
8489
8491
8488
8488
8494
8487
8487
8485
8485
8484
8487
8482
8480
8478
8478
8478
8484
8477
8474
8477
8473
8473
8473
8475
8472
8471
8474
8470
8470
8470
8469
8470
8468
8468
8470
8465
8465
8464
8464
8549
8463
8463
8463
8463
8462
8463
8460
8462
8458
8458
8458
8458
8457
8456
8456
8455
8454
8454
8454
8456
8453
8453
8456
8452
8452
8452
8451
8450
8451
8449
8449
8449
8449
8449
8448
8448
8450
8447
8447
8446
8445
8443
8591
8442
8440
8440
8440
8439
8439
8439
8439
8438
8435
8434
8434
8433
8433
8433
8432
8432
8430
8431
8428
8427
8425
8424
8423
8423
8422
8422
8424
8421
8421
8431
8420
8420
8420
8419
8419
8419
8419
8418
8418
8415
8415
8413
8413
8415
8411
8410
8408
8407
8407
8407
8405
8404
8404
8403
8403
8403
8416
8402
8402
8402
8402
8402
8401
8401
8407
8400
8400
8400
8400
8399
8398
8397
8397
8396
8396
8396
8398
8395
8394
8394
8392
8399
8390
8390
8390
8390
8390
8389
8388
8387
8387
8388
8386
8386
8386
8400
8385
8385
8384
8384
8384
8382
8382
8381
8381
8381
8383
8380
8380
8378
8380
8376
8376
8375
8375
8376
8374
8374
8372
8372
8373
8371
8370
8371
8368
8367
8369
8366
8365
8365
8364
8364
8362
8362
8361
8361
8360
8419
8359
8359
8358
8359
8357
8357
8354
8353
8357
8352
8352
8352
8352
8351
8350
8351
8349
8351
8348
8347
8349
8346
8345
8344
8344
8343
8346
8342
8348
8341
8339
8337
8337
8339
8335
8334
8333
8333
8347
8332
8332
8332
8332
8330
8329
8328
8329
8327
8327
8327
8326
8339
8325
8322
8322
8321
8321
8320
8318
8317
8317
8316
8316
8316
8316
8319
8315
8315
8313
8313
8321
8312
8312
8312
8311
8310
8310
8310
8308
8308
8308
8307
8307
8306
8352
8305
8305
8304
8303
8304
8300
8300
8300
8299
8300
8298
8300
8297
8296
8302
8295
8295
8295
8295
8294
8294
8294
8295
8293
8293
8292
8291
8295
8290
8288
8287
8285
8285
8285
8288
8284
8284
8286
8283
8283
8283
8282
8281
8281
8281
8280
8280
8280
8280
8286
8279
8279
8279
8278
8278
8278
8277
8277
8278
8276
8276
8276
8272
8276
8271
8270
8270
8268
8268
8269
8267
8267
8264
8266
8263
8263
8263
8263
8263
8261
8262
8260
8263
8259
8259
8259
8259
8256
8257
8254
8254
8254
8264
8253
8253
8253
8253
8252
8252
8251
8251
8250
8250
8248
8248
8247
8251
8246
8246
8246
8246
8245
8244
8240
8243
8239
8244
8238
8236
8240
8234
8233
8233
8231
8230
8241
8229
8232
8228
8228
8228
8228
8226
8226
8226
8226
8224
8223
8224
8221
8221
8223
8219
8219
8222
8218
8218
8217
8216
8216
8217
8214
8214
8214
8214
8213
8213
8212
8212
8211
8227
8208
8207
8207
8206
8206
8204
8207
8203
8203
8208
8202
8201
8201
8201
8200
8202
8198
8197
8195
8195
8195
8195
8202
8194
8194
8193
8191
8191
8192
8190
8190
8190
8190
8203
8189
8189
8188
8188
8187
8187
8188
8186
8186
8186
8186
8185
8185
8184
8184
8184
8182
8182
8185
8180
8180
8179
8179
8180
8178
8178
8178
8179
8177
8174
8174
8174
8199
8172
8172
8172
8172
8172
8171
8171
8170
8170
8170
8170
8170
8169
8167
8167
8165
8165
8164
8169
8163
8163
8162
8162
8162
8162
8168
8159
8159
8157
8157
8156
8156
8156
8167
8153
8152
8151
8151
8151
8148
8151
8147
8147
8147
8146
8147
8143
8151
8142
8142
8142
8141
8141
8163
8140
8140
8140
8139
8139
8140
8138
8137
8138
8136
8137
8135
8132
8134
8129
8129
8126
8126
8124
8124
8129
8123
8122
8122
8122
8121
8121
8121
8121
8120
8120
8123
8118
8118
8118
8117
8117
8116
8118
8115
8115
8115
8115
8115
8115
8115
8114
8113
8112
8111
8110
8110
8109
8109
8108
8124
8107
8106
8107
8104
8104
8104
8106
8103
8103
8107
8102
8102
8102
8102
8101
8101
8100
8100
8100
8100
8099
8097
8098
8096
8096
8096
8093
8094
8092
8097
8091
8090
8089
8089
8089
8090
8088
8088
8087
8087
8088
8085
8084
8083
8082
8081
8081
8088
8080
8079
8079
8089
8078
8078
8082
8077
8077
8077
8391
8076
8076
8076
8075
8075
8073
8072
8072
8071
8071
8070
8072
8068
8067
8066
8067
8065
8065
8064
8064
8064
8063
8062
8062
8061
8061
8063
8060
8060
8060
8060
8060
8059
8059
8059
8059
8059
8058
8057
8057
8057
8056
8056
8055
8055
8054
8053
8053
8052
8066
8051
8048
8050
8047
8046
8046
8046
8045
8051
8044
8044
8044
8043
8043
8044
8042
8042
8045
8040
8050
8039
8039
8039
8038
8038
8037
8037
8036
8036
8036
8036
8037
8035
8034
8034
8033
8031
8030
8030
8029
8028
8028
8027
8027
8041
8026
8026
8025
8024
8025
8023
8022
8022
8022
8056
8021
8021
8020
8020
8018
8017
8019
8016
8016
8016
8015
8015
8019
8014
8014
8013
8012
8012
8011
8009
8008
8008
8008
8007
8006
8006
8006
8006
8020
8004
8003
8001
8000
8001
7998
7998
8001
7997
7997
7996
7994
7994
7993
7992
7991
7990
7991
7989
7988
7987
7986
7987
7985
8018
7983
7983
7983
7982
7982
7982
7982
7981
7979
7977
7977
7977
7977
7977
7978
7975
7974
7974
7973
7973
7972
7972
7971
7971
7971
7971
7971
7971
7970
7970
7969
7967
7964
7965
7962
7970
7961
7961
7960
7960
7959
7956
7956
7959
7955
7953
7953
7955
7952
7952
7951
7950
7951
7948
7948
7948
7948
7948
7947
7947
7946
7946
7946
7946
7944
7944
7943
7946
7942
7941
7941
7942
7940
7938
7938
7948
7937
7937
8037
7936
7936
7935
7935
7933
7933
7933
7932
7932
7932
7932
7931
7931
7928
7925
7924
7926
7923
7922
7923
7921
7921
7920
7919
7920
7918
7922
7917
7917
7917
7916
7915
7915
7914
7917
7913
7911
7911
7913
7909
7910
7908
7908
7908
7907
7907
7906
7905
7905
7905
7904
7904
7903
7904
7900
7899
7903
7898
7898
7897
7897
7897
7897
7897
7897
7926
7896
7895
7895
7893
7896
7892
7896
7891
7890
7889
7889
7891
7888
7888
7888
7888
7887
7887
7886
7886
7886
7885
7885
7884
7885
7883
7882
7882
7882
7881
7880
7877
7877
7877
7882
7876
7876
7876
7876
7875
7875
7874
7876
7873
7873
7873
7872
7872
7872
7872
7881
7871
7871
7870
7870
7869
7869
7868
7868
7867
7914
7866
7864
7864
7863
7863
7863
7859
7860
7857
7862
7854
7854
7854
7854
7853
7852
7854
7850
7850
7850
7849
7849
7849
7849
7848
7848
7848
7847
7847
7846
7842
7841
7841
7841
7842
7840
7840
7845
7839
7838
7838
7837
7837
7835
7835
7835
7835
7834
7837
7832
7832
7832
7832
7831
7831
7830
7829
7834
7828
7828
7827
7826
7826
7827
7825
7830
7824
7824
7823
7823
7824
7822
7822
7822
7822
7822
7823
7821
7821
7821
7821
7819
7819
7817
7816
7815
7815
7815
7829
7814
7813
7813
7813
7812
7812
7811
7811
7810
7810
7809
7808
7811
7803
7803
7802
7802
7802
7800
7799
7799
7806
7797
7796
7796
7796
7792
7792
7792
7792
7791
7797
7790
7790
7789
7789
7789
7789
7787
7787
7786
7784
7783
7783
7783
7784
7782
7781
7781
7781
7781
7821
7780
7779
7779
7779
7780
7776
7778
7775
7774
7773
7772
7774
7771
7771
7774
7770
7769
7769
7769
7769
7769
7768
7768
7768
7767
7767
7768
7766
7771
7764
7763
7761
7761
7762
7759
7759
7759
7759
7759
7758
7758
7856
7757
7757
7756
7757
7755
7755
7757
7754
7754
7753
7753
7752
7752
7751
7751
7750
7747
7746
7747
7745
7749
7744
7744
7744
7744
7743
7743
7744
7739
7743
7737
7737
7737
7736
7735
7734
7734
7733
7741
7732
7732
7732
7732
7731
7731
7731
7755
7730
7730
7729
7729
7729
7730
7728
7728
7728
7727
7727
7726
7726
7730
7725
7725
7724
7723
7722
7722
7721
7721
7720
7720
7720
7720
7719
7723
7718
7717
7716
7716
7715
7714
7714
7714
7713
7713
7713
7712
7712
7714
7711
7711
7711
7709
7709
7709
7708
7708
7707
7707
7707
7707
7707
7706
7706
7707
7705
7705
7705
7705
7702
7702
7701
7701
7700
7699
7699
7699
7701
7698
7697
7696
7719
7695
7695
7695
7694
7693
7695
7692
7692
7692
7692
7691
7691
7691
7691
7692
7689
7689
7687
7687
7687
7687
7686
7686
7690
7685
7685
7685
7684
7684
7684
7684
7684
7684
7684
7683
7684
7682
7682
7682
7680
7676
7676
7676
7676
7684
7675
7673
7673
7669
7669
7672
7668
7668
7667
7667
7667
7667
7667
7666
7675
7665
7668
7664
7663
7663
7663
7662
7662
7662
7662
7662
7661
7659
7659
7658
7658
7659
7657
7657
7665
7656
7656
7656
7655
7656
7653
7653
7653
7652
7652
7652
7999
7651
7651
7651
7651
7651
7648
7649
7646
7646
7645
7644
7644
7644
7643
7642
7642
7644
7641
7641
7644
7637
7642
7636
7636
7635
7632
7631
7631
7632
7630
7630
7632
7629
7643
7628
7628
7628
7651
7627
7626
7626
7625
7625
7642
7624
7624
7624
7623
7623
7623
7624
7620
7620
7636
7619
7619
7618
7616
7616
7619
7615
7615
7616
7613
7613
7612
7612
7611
7611
7613
7610
7613
7609
7609
7608
7608
7616
7607
7607
7607
7606
7606
7611
7605
7605
7602
7602
7601
7601
7601
7601
7602
7600
7600
7599
7599
7598
7599
7597
7597
7595
7595
7595
7599
7594
7594
7595
7593
7591
7591
7591
7590
7589
7589
7591
7585
7584
7584
7585
7583
7583
7582
7582
7582
7582
7588
7581
7581
7581
7581
7580
7581
7579
7579
7579
7581
7578
7577
7576
7576
7576
7576
7576
7575
7574
7574
7574
7574
7573
7572
7572
7570
7568
7566
7567
7565
7565
7565
7572
7564
7564
7564
7562
7562
7561
7560
7575
7558
7556
7555
7555
7557
7554
7554
7554
7554
7554
7557
7553
7553
7553
7552
7562
7550
7550
7548
7548
7547
7547
7547
7547
7549
7546
7546
7546
7546
7546
7544
7544
7543
7543
7543
7542
7542
7540
7616
7539
7539
7539
7538
7538
7537
7537
7537
7536
7536
7535
7535
7535
7534
7534
7534
7533
7533
7532
7539
7531
7531
7531
7530
7529
7529
7529
7529
7528
7528
7527
7527
7527
7528
7525
7525
7524
7530
7523
7523
7552
7522
7522
7521
7520
7520
7519
7519
7518
7517
7516
7516
7514
7514
7514
7513
7513
7514
7512
7512
7512
7511
7509
7511
7508
7508
7508
7508
7507
7506
7506
7506
7507
7505
7505
7502
7500
7500
7498
7498
7503
7495
7495
7495
7495
7495
7495
7495
7505
7494
7494
7494
7494
7494
7494
7493
7493
7493
7491
7491
7490
7507
7489
7489
7489
7489
7489
7488
7488
7488
7487
7489
7486
7486
7485
7486
7484
7484
7484
7484
7484
7483
7482
7481
7480
7482
7479
7479
7479
7479
7478
7478
7477
7476
7476
7476
7475
7476
7474
7474
7473
7473
7484
7472
7472
7472
7471
7471
7470
7470
7472
7469
7469
7469
7467
7466
7466
7466
7464
7464
7575
7462
7461
7459
7459
7458
7458
7457
7456
7456
7456
7456
7456
7460
7455
7455
7455
7454
7453
7453
7452
7454
7451
7451
7451
7451
7450
7450
7456
7449
7449
7448
7448
7448
7451
7447
7447
7447
7447
7447
7447
7447
7459
7446
7446
7445
7444
7444
7444
7443
7443
7443
7443
7442
7442
7440
7443
7439
7438
7438
7438
7437
7436
7433
7436
7432
7432
7432
7431
7430
7429
7427
7427
7430
7426
7425
7425
7424
7424
7424
7423
7423
7422
7422
7425
7421
7421
7435
7420
7420
7420
7420
7419
7418
7418
7418
7418
7418
7417
7417
7415
7415
7414
7414
7413
7413
7420
7412
7412
7420
7410
7410
7409
7410
7407
7409
7406
7406
7408
7405
7405
7404
7403
7402
7409
7401
7401
7402
7400
7400
7399
7399
7398
7399
7397
7397
7396
7395
7395
7394
7393
7393
7392
7392
7391
7391
7394
7390
7390
7390
7390
7390
7390
7389
7397
7388
7388
7387
7386
7386
7385
7385
7385
7383
7381
7381
7385
7380
7385
7379
7379
7385
7378
7378
7378
7385
7376
7374
7374
7374
7376
7373
7373
7373
7372
7373
7371
7371
7370
7373
7369
7369
7369
7367
7368
7366
7366
7365
7364
7365
7363
7363
7363
7362
7362
7360
7364
7359
7359
7358
7356
7355
7355
7394
7354
7353
7352
7352
7352
7354
7351
7348
7350
7347
7347
7347
7346
7345
7344
7344
7343
7343
7339
7347
7337
7337
7337
7336
7336
7335
7333
7332
7332
7331
7331
7330
7328
7327
7326
7325
7325
7324
7324
7324
7323
7323
7323
7322
7322
7322
7322
7322
7320
7320
7320
7320
7348
7319
7318
7318
7315
7314
7313
7313
7312
7309
7308
7308
7307
7305
7305
7304
7318
7303
7303
7302
7302
7301
7301
7300
7301
7299
7298
7298
7296
7298
7295
7295
7295
7295
7294
7294
7294
7295
7293
7298
7292
7292
7291
7291
7290
7290
7290
7290
7290
7289
7623
7288
7287
7286
7285
7283
7283
7282
7282
7281
7282
7280
7279
7279
7280
7278
7277
7279
7275
7275
7275
7274
7274
7274
7277
7273
7273
7273
7271
7270
7269
7268
7268
7268
7267
7267
7266
7265
7265
7265
7264
7264
7264
7264
7282
7263
7263
7263
7263
7261
7261
7261
7261
7259
7259
7259
7258
7258
7258
7258
7258
7257
7257
7256
7255
7283
7254
7254
7253
7254
7251
7251
7250
7250
7250
7248
7248
7251
7247
7247
7246
7252
7245
7245
7246
7244
7244
7281
7243
7243
7274
7242
7242
7242
7283
7240
7240
7240
7240
7240
7239
7238
7235
7235
7235
7238
7234
7237
7233
7233
7233
7233
7232
7232
7232
7237
7231
7231
7231
7231
7231
7231
7230
7229
7229
7228
7228
7228
7228
7228
7228
7228
7238
7227
7226
7224
7224
7223
7223
7222
7223
7221
7221
7221
7220
7218
7219
7216
7216
7216
7215
7215
7215
7215
7214
7214
7214
7213
7211
7214
7209
7206
7206
7206
7206
7205
7204
7203
7203
7203
7203
7202
7203
7201
7201
7200
7200
7200
7200
7199
7199
7199
7198
7207
7197
7197
7196
7196
7196
7195
7194
7211
7193
7193
7193
7192
7192
7192
7732
7191
7191
7190
7190
7187
7186
7186
7185
7185
7184
7184
7183
7183
7184
7182
7185
7181
7181
7180
7180
7179
7179
7179
7178
7176
7176
7176
7178
7175
7174
7191
7173
7172
7172
7170
7169
7168
7168
7168
7168
7166
7179
7165
7165
7164
7165
7163
7163
7162
7161
7161
7160
7157
7157
7156
7156
7156
7156
7156
7156
7156
7156
7154
7154
7152
7153
7151
7151
7151
7151
7149
7149
7148
7148
7147
7147
7145
7145
7144
7144
7153
7143
7143
7148
7142
7142
7141
7141
7139
7139
7137
7137
7138
7136
7135
7134
7133
7136
7132
7147
7131
7131
7131
7131
7130
7130
7129
7129
7129
7129
7128
7126
7125
7124
7125
7123
7121
7121
7120
7130
7119
7119
7119
7119
7118
7117
7118
7116
7116
7118
7115
7115
7114
7114
7114
7112
7112
7112
7114
7111
7109
7108
7108
7107
7110
7106
7106
7106
7106
7106
7105
7103
7102
7102
7102
7101
7102
7100
7099
7099
7098
7098
7097
7097
7096
7105
7095
7095
7093
7095
7092
7092
7091
7091
7090
7096
7089
7089
7087
7087
7087
7087
7086
7104
7085
7085
7082
7085
7079
7078
7111
7076
7076
7076
7076
7075
7075
7076
7074
7074
7074
7076
7073
7082
7072
7072
7072
7072
7072
7071
7069
7068
7066
7066
7065
7065
7065
7064
7064
7064
7064
7064
7063
7064
7062
7061
7061
7060
7060
7064
7059
7059
7057
7055
7054
7054
7054
7053
7053
7053
7053
7052
7050
7050
7049
7048
7056
7047
7047
7049
7046
7044
7042
7042
7041
7046
7040
7040
7039
7039
7043
7038
7038
7036
7036
7036
7036
7035
7035
7035
7033
7031
7029
7029
7033
7028
7028
7030
7027
7027
7027
7026
7025
7024
7024
7024
7023
7026
7022
7022
7021
7021
7020
7029
7019
7019
7018
7016
7015
7019
7014
7014
7014
7013
7014
7012
7012
7012
7012
7012
7011
7011
7010
7010
7010
7010
7009
7009
7019
7008
7008
7016
7007
7007
7007
7007
7006
7006
7007
7005
7005
7005
7005
7005
7005
7113
7004
7004
7003
7002
7002
7002
7002
7001
7001
7000
6999
6999
7001
6998
6998
6998
6995
6993
6997
6992
6992
6992
7003
6991
6991
7004
6990
6990
6989
6989
6990
6986
6986
6986
6986
6990
6984
6984
6984
6983
6982
6982
6980
6980
6979
6980
6978
6978
6977
6977
6976
6975
6975
6975
6974
6974
6986
6973
6972
6972
6972
6969
6968
6968
6969
6967
6967
6966
6966
6966
6965
6966
6964
6966
6963
6963
6962
6962
6961
6961
6961
6961
6961
6960
6958
6958
6957
6956
6956
6956
6957
6955
6955
6960
6953
6953
6953
6953
6952
6952
6952
6951
6951
6950
6950
6950
6951
6949
6948
6948
6951
6947
6947
6947
6947
6946
6944
6946
6943
6943
6942
6941
6941
6950
6939
6939
6937
6936
6937
6935
6937
6933
6933
6933
6934
6931
6935
6930
6930
6929
6929
6928
6927
6926
6925
6925
6924
6939
6923
6923
6953
6922
6922
6922
6921
6922
6920
6920
6919
6919
6918
6916
6916
6915
6915
6914
6915
6913
6917
6912
6912
6912
6910
6910
6912
6909
6906
6906
6906
6906
6906
6911
6905
6905
6903
6904
6902
6902
6901
6900
6901
6898
6897
6919
6896
6895
6895
6905
6894
6894
6893
6893
6908
6890
6889
6889
6888
6888
6887
6887
6886
6890
6885
6885
6885
6884
6881
6881
6880
6879
6881
6878
6878
6877
6877
6877
6877
6875
6875
6875
6875
6899
6874
6874
6873
6872
6873
6871
6871
6872
6870
6870
6867
6867
6869
6866
6865
6866
6864
6864
6863
6863
6866
6862
6862
6861
6860
6860
6860
6860
6859
6859
6859
6859
6859
6859
6858
6857
6857
6857
6857
6857
6858
6856
6856
6866
6854
6854
6864
6853
6853
6853
6853
6852
6852
6852
6850
6850
6850
6850
6850
6850
6849
6849
6849
6853
6848
6848
6847
6848
6846
6846
6846
6846
6845
6843
6843
6845
6842
6842
6840
6840
6840
6839
6837
6849
6836
6836
6836
6836
6836
6836
6852
6833
6833
6832
6832
6832
6850
6831
6831
6829
6829
6829
6826
6826
6826
6825
6827
6824
6825
6823
6823
6831
6822
6821
6826
6820
6820
6819
6818
6820
6817
6817
6817
6816
6816
6814
6813
6813
6814
6812
6812
6811
6811
6810
6810
6810
6809
6808
6808
6808
6804
6811
6803
6802
6802
6801
6801
6800
6800
6799
6799
6799
6798
6823
6795
6795
6795
6794
6793
6793
6792
6792
6791
6791
6791
6791
6791
6791
6790
6790
6788
6787
6787
6785
6785
6785
6784
6784
6782
6782
6812
6779
6779
6779
6779
6778
6778
6778
6778
6778
6779
6777
6777
6777
6776
6774
6776
6773
6773
6773
6773
6777
6772
6772
6771
6771
6770
6840
6769
6769
6767
6766
6766
6765
6765
6762
6761
6764
6760
6759
6759
6758
6758
6757
6759
6756
6756
6756
6756
6755
6755
6759
6753
6753
6753
6753
6752
6752
6752
6752
6751
6751
6751
6751
6765
6750
6750
6749
6749
6748
6748
6747
6747
6746
6745
6745
6746
6743
6742
6750
6741
6740
6739
6738
6738
6736
6736
6736
6738
6735
6735
6734
6734
6734
6734
6733
6733
6732
6732
6732
6735
6731
6731
6728
6728
6728
6728
6726
6726
6726
6722
6722
6721
6721
6720
6720
6734
6719
6719
6719
6718
6718
6717
6717
6717
6716
6716
6716
6715
6715
6714
6714
6714
6712
6711
6711
6714
6710
6710
6710
6712
6709
6707
6709
6705
6704
6705
6702
6702
6707
6701
6700
6700
6699
6698
6697
6697
6697
6695
6697
6694
6694
6693
6695
6691
6691
6691
6691
6691
6690
6690
6690
6700
6684
6684
6684
6694
6683
6683
6683
6682
6682
6682
6681
6681
6701
6680
6680
6680
6680
6677
6674
6674
6673
6673
6673
6671
6670
6671
6669
6669
6668
6668
6667
6672
6666
6666
6666
6664
6664
6664
6664
6662
6664
6661
6661
6661
6660
6659
6658
6655
6659
6654
6653
6656
6652
6651
6652
6650
6650
6650
6649
6680
6648
6646
6647
6645
6644
6643
6643
6648
6642
6641
6639
6639
6639
6638
6638
6638
6636
6635
6647
6634
6634
6633
6633
6633
6633
6632
6631
6630
6629
6628
6628
6626
6626
6635
6625
6625
6625
6625
6623
6623
6623
6622
6621
6621
6621
6620
6619
6619
6619
6619
6625
6618
6618
6618
6632
6617
6617
6617
6617
6617
6617
6617
6616
6616
6613
6613
6612
6613
6610
6610
6609
6609
6608
6608
6608
6607
6605
6612
6604
6604
6604
6602
6604
6601
6600
6600
6601
6599
6599
6598
6601
6597
6597
6597
6597
6596
6596
6595
6604
6594
6594
6593
6594
6592
6592
6592
6592
6591
6591
6591
6591
6590
6590
6589
6589
6591
6588
6588
6587
6586
6586
6600
6585
6585
6584
6584
6584
6583
6584
6582
6582
6582
6581
6581
6581
6581
6580
6579
6578
6582
6576
6575
6572
6572
6572
6571
6571
6570
6579
6568
6568
6566
6566
6565
6566
6564
6564
6563
6562
6562
6567
6561
6560
6559
6561
6558
6557
6557
6557
6556
6554
6554
6554
6553
6552
6553
6551
6551
6548
6548
6547
6551
6545
6545
6545
6545
6547
6544
6544
6544
6544
6544
6552
6543
6543
6543
6543
6542
6547
6541
6541
6541
6541
6540
6540
6538
6536
6536
6536
6535
6535
6534
6534
6532
6532
6532
6539
6531
6531
6530
6529
6529
6529
6528
6528
6526
6526
6531
6525
6525
6523
6523
6522
6530
6521
6520
6518
6517
6519
6515
6515
6515
6515
6514
6515
6513
6517
6511
6511
6516
6510
6508
6507
6507
6506
6506
6509
6505
6505
6502
6505
6501
6501
6500
6499
6499
6498
6498
6498
6497
6497
6496
6496
6496
6496
6496
6496
6496
6496
6496
6495
6494
6493
6502
6492
6492
6490
6492
6488
6488
6488
6488
6487
6487
6486
6490
6485
6485
6485
6484
6484
6483
6483
6483
6482
6482
6479
6479
6479
6477
6489
6476
6476
6475
6476
6474
6473
6471
6471
6471
6471
6470
6470
6470
6470
6469
6468
6468
6468
6467
6467
6467
6467
6467
6479
6465
6465
6463
6465
6462
6462
6462
6462
6461
6458
6458
6462
6457
6457
6459
6456
6456
6456
6456
6458
6455
6455
6454
6454
6452
6453
6450
6453
6449
6449
6449
6448
6448
6446
6446
6446
6445
6444
6449
6442
6442
6457
6440
6439
6439
6438
6438
6437
6434
6435
6433
6433
6432
6432
6436
6431
6430
6430
6431
6429
6429
6428
6426
6426
6425
6425
6425
6422
6424
6421
6419
6419
6418
6416
6416
6416
6415
6414
6412
6411
6411
6412
6410
6409
6409
6408
6407
6407
6408
6406
6406
6406
6417
6405
6405
6404
6403
6403
6401
6402
6400
6400
6400
6398
6397
6397
6396
6396
6395
6395
6397
6394
6393
6393
6393
6393
6392
6393
6391
6399
6390
6390
6390
6512
6389
6389
6388
6389
6387
6386
6386
6385
6385
6382
6383
6380
6380
6379
6380
6378
6384
6377
6376
6376
6377
6374
6374
6374
6373
6375
6372
6372
6372
6377
6371
6370
6369
6370
6368
6368
6368
6367
6368
6366
6365
6364
6363
6366
6362
6362
6362
6362
6367
6361
6361
6361
6361
6360
6360
6359
6359
6358
6360
6357
6356
6357
6355
6353
6357
6352
6351
6350
6350
6350
6349
6349
6348
6347
6347
6352
6345
6344
6345
6343
6343
6342
6341
6339
6339
6339
6338
6339
6337
6339
6334
6334
6333
6333
6334
6331
6330
6336
6328
6328
6327
6335
6326
6325
6325
6325
6331
6324
6324
6323
6322
6322
6321
6320
6320
6319
6320
6318
6318
6317
6317
6317
6316
6316
6316
6315
6314
6313
6313
6312
6312
6312
6312
6312
6329
6311
6311
6311
6311
6309
6309
6309
6309
6311
6308
6308
6308
6308
6307
6326
6306
6305
6304
6303
6301
6299
6301
6298
6297
6297
6301
6296
6302
6295
6295
6295
6294
6301
6293
6293
6291
6292
6290
6290
6292
6289
6289
6289
6289
6288
6288
6289
6287
6287
6289
6286
6286
6285
6284
6286
6283
6283
6283
6282
6282
6282
6282
6279
6339
6278
6278
6277
6277
6276
6278
6275
6274
6274
6274
6274
6273
6273
6273
6275
6272
6272
6271
6271
6271
6433
6270
6270
6270
6269
6267
6267
6266
6266
6270
6264
6264
6267
6263
6263
6263
6262
6263
6261
6260
6260
6259
6259
6258
6257
6255
6259
6254
6254
6254
6253
6253
6252
6252
6251
6250
6249
6249
6251
6248
6248
6248
6249
6247
6247
6247
6247
6247
6245
6245
6263
6244
6243
6243
6243
6242
6242
6241
6241
6265
6240
6239
6238
6237
6236
6234
6236
6233
6235
6232
6239
6231
6231
6230
6230
6229
6227
6226
6225
6224
6224
6222
6222
6221
6221
6221
6223
6220
6220
6220
6220
6220
6248
6218
6218
6216
6217
6214
6217
6213
6212
6212
6211
6211
6210
6209
6212
6208
6206
6206
6206
6213
6205
6205
6204
6204
6204
6203
6202
6202
6203
6201
6201
6205
6200
6200
6200
6200
6200
6200
6199
6199
6199
6199
6199
6196
6196
6196
6192
6195
6190
6190
6189
6188
6188
6188
6188
6187
6199
6186
6186
6185
6185
6182
6182
6185
6181
6181
6180
6180
6180
6180
6180
6179
6179
6180
6178
6178
6172
6179
6170
6170
6170
6204
6169
6169
6168
6168
6167
6168
6166
6166
6165
6164
6164
6165
6163
6163
6162
6162
6163
6161
6158
6158
6158
6158
6158
6161
6157
6156
6156
6155
6155
6155
6154
6154
6162
6153
6152
6152
6152
6150
6150
6149
6149
6149
6149
6148
6149
6147
6147
6148
6146
6146
6145
6146
6143
6143
6142
6142
6142
6137
6137
6137
6136
6135
6135
6133
6133
6140
6132
6132
6137
6131
6131
6131
6168
6130
6130
6130
6130
6128
6125
6125
6124
6123
6120
6118
6118
6118
6118
6117
6123
6115
6115
6113
6112
6112
6111
6111
6112
6110
6110
6108
6108
6134
6107
6107
6107
6106
6105
6107
6103
6103
6102
6100
6099
6096
6096
6096
6095
6095
6100
6094
6093
6093
6094
6091
6089
6089
6093
6087
6087
6087
6087
6086
6085
6084
6084
6082
6081
6081
6081
6081
6084
6080
6080
6080
6080
6079
6078
6078
6078
6080
6077
6077
6077
6076
6075
6077
6073
6073
6072
6071
6070
6070
6077
6069
6069
6069
6069
6075
6068
6067
6067
6066
6066
6068
6065
6063
6063
6063
6062
6066
6061
6061
6060
6060
6060
6060
6059
6059
6059
6059
6058
6059
6057
6057
6056
6056
6177
6055
6054
6054
6053
6054
6052
6052
6050
6050
6050
6050
6049
6049
6048
6047
6048
6046
6046
6046
6046
6046
6045
6045
6045
6043
6043
6043
6042
6042
6040
6045
6039
6039
6038
6039
6037
6042
6036
6036
6035
6035
6036
6033
6031
6031
6031
6300
6030
6030
6030
6029
6027
6025
6030
6024
6024
6025
6023
6021
6020
6022
6018
6018
6018
6018
6017
6017
6029
6015
6013
6013
6011
6011
7077
6010
6009
6008
6005
6005
6005
6005
6004
6004
6004
6005
6003
6003
6002
6001
6002
6000
6000
5999
5999
5996
5994
5995
5993
5993
5993
5992
5995
5989
5989
6001
5988
5988
5988
5987
5986
5986
5985
5983
5984
5981
5980
5980
5980
5980
5979
5978
5982
5977
5977
5987
5975
5975
5975
5975
5974
5974
5974
5973
5973
5975
5972
5972
5972
5971
5970
5970
5969
5970
5968
5968
5967
5966
5966
5966
5964
5966
5963
5963
5962
5961
5961
5961
5959
5968
5958
5958
5958
5958
5957
5955
5953
5953
5952
5951
5951
5950
5950
5950
5950
5954
5949
5949
5949
5949
5948
5968
5947
5947
5945
5944
5944
5946
5943
5948
5942
5942
5942
5940
5940
5939
5940
5938
5938
5938
5937
5937
5937
5937
5936
5942
5935
5934
5934
5934
5962
5933
5933
5932
5932
5932
5931
5931
5931
5930
5930
5928
5928
5973
5927
5927
5926
5925
5925
5924
5924
5924
5926
5923
5924
5921
5921
5920
5920
5919
5919
5917
5919
5916
5916
5916
5916
5915
5913
5913
5912
5912
5912
5955
5911
5910
5909
5909
5907
5907
5907
5909
5905
5905
5905
5905
6004
5904
5903
5903
5903
5903
5902
5902
5902
5902
5901
5901
5901
5903
5900
5898
5900
5897
5897
5899
5896
5896
5895
5892
5891
5895
5890
5890
5888
5888
5888
5887
5887
5887
5889
5886
5886
5885
5885
5884
5884
5884
5884
5883
5883
5883
5895
5882
5882
5882
5882
5882
5881
5881
5881
5963
5880
5880
5880
5880
5878
5878
5877
5876
5875
5874
5874
5873
5872
5872
5872
5872
5872
5872
5871
5871
5871
5870
5868
5870
5867
5866
5866
5867
5865
5865
5864
5864
5864
5864
5864
5878
5863
5863
5862
5861
5861
5861
5861
5860
5860
5860
5860
5859
5859
5859
5859
5858
5858
5856
5855
5856
5851
5851
5851
5850
5849
5849
5848
5850
5847
5847
5849
5846
5845
5845
5846
5844
5850
5843
5843
5842
5841
5840
5843
5839
5839
5838
5837
5836
5836
5836
5835
5835
5835
5835
5834
5834
5835
5833
5833
5833
5832
5832
5831
5831
5831
5831
5830
5830
5830
5830
5830
5829
5828
5828
5827
5827
5832
5826
5826
5825
5825
5825
5824
5824
5825
5823
5823
5840
5822
5822
5822
5822
5821
5821
5820
5818
5817
5817
5817
5815
5814
5816
5813
5812
5812
5813
5811
5811
5809
5810
5808
5808
5805
5804
5804
5804
5803
5803
5803
5804
5801
5801
5801
5800
5806
5799
5799
5799
5798
5797
5796
5796
5796
5807
5795
5795
5794
5792
5792
5791
5791
5791
5790
5790
5790
5790
5789
5789
5788
5788
5788
5803
5786
5786
5785
5785
5784
5784
5784
5783
5783
5781
5781
5780
5780
5779
5779
5779
5778
5778
5778
5778
5781
5777
5777
5776
5777
5774
5774
5774
5773
5773
5772
5771
5770
5772
5768
5768
5768
5768
5770
5766
5766
5766
5765
5765
5765
5764
5763
5764
5762
5762
5762
5761
5760
5761
5759
5760
5758
5758
5757
5757
5757
5757
5765
5755
5755
5755
5756
5754
5754
5754
5752
5752
5753
5751
5751
5750
5750
5750
5751
5749
5748
5747
5747
5746
5746
5746
5745
5743
5744
5739
5738
5738
5737
5745
5736
5736
5740
5735
5734
5734
5733
5734
5732
5732
5731
5731
5733
5729
5729
5728
5728
5727
5726
5725
5729
5724
5984
5723
5723
5722
5722
5722
5720
5720
5719
5719
5716
5718
5714
5712
5711
5710
5709
5709
5708
5708
5705
5706
5704
5704
5704
5718
5703
5703
5703
5702
5702
5701
5700
5701
5699
5699
5699
5699
5698
5699
5696
5696
5695
5693
5692
5691
5691
5690
5692
5689
5689
5688
5689
5687
5687
5686
5686
5701
5685
5685
5684
5684
5683
5683
5684
5682
5682
5682
5681
5680
5680
5680
5681
5678
5678
5677
5676
5675
5675
5673
5673
5675
5672
5672
5670
5670
5670
5670
5668
5670
5664
5664
5663
5663
5663
5669
5662
5662
5662
5662
5661
5660
5659
5681
5658
5658
5657
5655
5654
5654
5653
5653
5653
5655
5652
5658
5650
5650
5650
5650
5650
5649
5649
5659
5648
5648
5648
5648
5647
5648
5646
5646
5645
5646
5644
5643
5642
5642
5641
5641
5648
5639
5638
5638
5646
5636
5636
5635
5631
5629
5628
5628
5631
5627
5627
5627
5627
5626
5621
5620
5620
5619
5626
5618
5618
5618
5617
5617
5614
5614
5612
5612
5611
5616
5610
5610
5610
5609
5608
5608
5619
5607
5607
5605
5605
5605
5605
5604
5607
5603
5603
5603
5603
5603
5603
5603
5602
5602
5601
5601
5601
5601
5599
5599
5599
5598
5598
5597
5597
5596
5596
5595
5595
5597
5594
5594
5593
5593
5593
5591
5590
5605
5589
5589
5589
5586
5587
5584
5583
5583
5583
5583
5587
5582
5582
5582
5580
5579
5580
5577
5577
5577
5581
5576
5576
5576
5575
5575
5575
5576
5574
5574
5573
5572
5571
5570
5570
5571
5569
5569
5568
5568
5567
5566
5569
5564
5564
5564
5564
5563
5563
5561
5561
5560
5559
5559
5558
5605
5557
5557
5556
5555
5555
5555
5553
5552
5550
5550
5549
5549
5549
5549
5549
5547
5547
5546
5546
5545
5545
5544
5544
5544
5549
5543
5542
5541
5541
5541
5540
5540
5539
5539
5554
5538
5538
5537
5537
5537
5537
5536
5536
5536
5535
5537
5534
5534
5533
5533
5531
5531
5526
5525
5525
5523
5523
5523
5530
5522
5522
5520
5522
5519
5519
5535
5518
5518
5518
5516
5516
5517
5513
5513
5513
5513
5512
5512
5511
5511
5509
5509
5509
5510
5508
5512
5507
5507
5506
5505
5503
5503
5502
5502
5501
5501
5501
5498
5497
5501
5496
5500
5495
5495
5494
5494
5492
5492
5494
5490
5490
5510
5489
5489
5488
5487
5487
5488
5486
5486
5486
5485
5485
5485
5485
5485
5483
5482
5481
5477
5477
5474
5477
5473
5475
5467
5482
5465
5465
5465
5480
5463
5463
5463
5477
5462
5461
5459
5460
5458
5458
5458
5458
5458
5457
5469
5456
5456
5456
5456
5454
5453
5453
5452
5450
5454
5449
5448
5448
5454
5447
5443
5444
5441
5441
5440
5440
5439
5441
5438
5446
5436
5436
5436
5434
5434
5433
5432
5432
5431
5431
5431
5430
5430
5449
5429
5429
5455
5428
5428
5428
5427
5427
5425
5428
5424
5424
5424
5428
5423
5423
5423
5423
5422
5423
5421
5421
5421
5421
5418
5417
5419
5416
5416
5416
5416
5414
5435
5413
5413
5413
5413
5413
5411
5411
5409
5409
5411
5408
5408
5407
5407
5430
5406
5406
5402
5402
5401
5406
5400
5400
5398
5398
5396
5396
5392
5392
5392
5390
5389
5389
5390
5388
5388
5387
5386
5385
5400
5383
5383
5382
5380
5379
5379
5380
5378
5378
5378
5381
5377
5377
5377
5376
5376
5376
5375
5375
5375
5374
5373
5419
5372
5372
5371
5371
5371
5372
5370
5370
5369
5370
5366
5366
5366
5365
5364
5363
5365
5362
5362
5362
5362
5366
5361
5360
5360
5360
5360
5365
5359
5359
5358
5358
5358
5357
5357
5354
5354
5354
5357
5353
5353
5353
5353
5359
5352
5352
5351
5349
5349
5350
5348
5357
5347
5347
5347
5346
5344
5344
5343
5343
5342
5469
5341
5340
5340
5337
5340
5336
5339
5335
5335
5335
5335
5334
5334
5334
5334
5336
5332
5332
5332
5332
5332
5332
5331
5330
5329
5336
5328
5327
5475
5326
5326
5326
5326
5324
5323
5323
5323
5322
5420
5321
5320
5320
5319
5318
5316
5316
5315
5313
5313
5313
5312
5312
5312
5312
5311
5311
5310
5309
5310
5306
5305
5306
5302
5301
5301
5299
5299
5299
5301
5298
5297
5296
5296
5295
5295
5295
5295
5294
5294
5293
5292
5293
5290
5289
5290
5287
5289
5286
5286
5291
5284
5284
5287
5283
5283
5282
5282
5281
5281
5281
5281
5280
5280
5280
5280
5279
5278
5278
5277
5279
5276
5275
5275
5275
5275
5274
5274
5273
5273
5277
5272
5271
5271
5293
5270
5270
5270
5269
5269
5268
5268
5268
5268
5273
5267
5267
5267
5267
5265
5265
5265
5264
5264
5262
5262
5263
5261
5261
5260
5260
5259
5259
5259
5259
5258
5256
5255
5255
5254
5254
5254
5253
5252
5252
5252
5252
5253
5251
5251
5251
5253
5250
5250
5250
5250
5249
5250
5248
5247
5247
5248
5244
5244
5241
5242
5240
5238
5238
5238
5237
5235
5235
5237
5233
5232
5232
5232
5230
5230
5230
5228
5227
5230
5225
5225
5225
5301
5224
5224
5221
5221
5221
5221
5219
5219
5218
5218
5218
5217
5516
5216
5216
5216
5214
5214
5213
5213
5212
5211
5209
5207
5208
5206
5206
5205
5204
5203
5203
5211
5202
5200
5209
5199
5198
5198
5197
5197
5196
5195
5195
5196
5194
5194
5194
5194
5193
5193
5192
5192
5191
5191
5191
5189
5189
5191
5188
5187
5198
5186
5186
5186
5186
5184
5184
5184
5184
5182
5182
5182
5182
5182
5184
5180
5179
5176
5176
5176
5175
5177
5174
5174
5174
5174
5174
5173
5173
5171
5169
5169
5168
5168
5173
5167
5167
5167
5166
5166
5166
5166
5167
5165
5164
5163
5164
5162
5161
5160
5161
5159
5386
5158
5158
5157
5157
5155
5156
5153
5153
5153
5155
5152
5151
5151
5150
5150
5149
5149
5148
5147
5147
5144
5144
5147
5143
5143
5142
5142
5140
5141
5139
5139
5139
5139
5139
5138
5138
5144
5137
5137
5136
5135
5135
5135
5134
5133
5133
5133
5132
5132
5132
5132
5131
5131
5132
5130
5130
5130
5132
5128
5128
5127
5127
5125
5127
5124
5126
5123
5123
5121
5119
5120
5117
5117
5116
5116
5115
5115
5115
5114
5114
5117
5113
5113
5113
5124
5112
5112
5112
5111
5111
5111
5110
5110
5109
5109
5108
5107
5106
5103
5103
5103
5103
5101
5101
5103
5100
5100
5100
5099
5099
5099
5099
5099
5098
5099
5097
5095
5095
5094
5094
5097
5093
5093
5092
5092
5092
5091
5089
5089
5096
5088
5088
5088
5088
5087
5087
5087
5087
5086
5085
5085
5085
5086
5084
5084
5084
5087
5083
5083
5082
5082
5083
5080
5080
5083
5079
5081
5078
5078
5079
5077
5076
5076
5076
5076
5075
5075
5076
5074
5074
5074
5083
5073
5071
5071
5070
5070
5069
5069
5071
5068
5068
5072
5064
5064
5064
5062
5061
5059
5057
5058
5055
5054
5052
5052
5057
5051
5062
5050
5050
5050
5048
5049
5047
5047
5046
5045
5045
5046
5044
5044
5048
5043
5043
5042
5042
5041
5040
5040
5040
5040
5040
5040
5040
5039
5039
5039
5039
5038
5039
5037
5037
5060
5036
5036
5034
5033
5032
5032
5032
5032
5031
5031
5030
5030
5028
5028
5029
5027
5027
5027
5027
5027
5025
5025
5026
5024
5022
5024
5021
5021
5021
5018
5019
5017
5015
5014
5014
5014
5020
5013
5013
5013
5023
5012
5012
5011
5011
5011
5008
5008
5008
5007
5007
5005
5010
5004
5016
5003
5002
5002
5001
5001
5001
5001
4999
4999
4996
4995
4995
4995
4993
4999
4992
4992
4992
4990
4989
4988
4988
4987
4987
4986
4986
4986
4986
4985
4985
4984
4984
4984
4983
4983
4981
4995
4980
4980
4984
4979
4979
4979
4979
4976
4974
4974
4973
4973
4971
4971
5153
4970
4970
4969
4969
4970
4968
4968
4966
4966
4966
4964
4968
4963
4963
4963
4962
4962
4962
4963
4961
4961
4960
4960
4960
4961
4959
4959
4958
4958
4962
4957
4957
4957
4957
4956
4956
4955
4955
4954
4953
4953
4952
4952
4952
4952
4952
4952
4951
4955
4950
4949
4945
4946
4944
4944
4944
4959
4942
4941
4940
4941
4939
4938
4937
4936
4936
4935
4936
4934
4934
4935
4933
4933
4933
4931
4931
4931
4931
4931
4930
4930
4930
4931
4929
4940
4928
4927
4927
4927
4926
4926
4925
4924
4924
4923
4942
4922
4922
4919
4917
4919
4916
4915
4914
4914
4920
4913
4913
4912
4914
4911
4911
4911
4911
4909
4909
4908
4908
4919
4907
4907
4906
4906
4906
4904
4904
4904
4904
4914
4903
4903
4903
4902
4902
4902
4902
4901
4900
4900
4903
4899
4899
4898
4898
4898
4897
4897
4897
4897
4896
4896
4895
4895
4895
4894
4894
4893
4892
4892
4892
4891
4891
4908
4889
4888
4887
4887
4886
4885
4884
4884
4884
4883
4883
4882
4882
4883
4880
4880
4877
4877
4879
4876
4876
4875
4874
4873
4877
4871
4871
4870
4869
4868
4868
4868
4867
4866
4866
4865
4864
4864
4863
4866
4860
4860
4860
4868
4859
4859
4859
4859
4859
4857
4857
4856
4856
4856
4856
4855
4855
4855
4855
4855
4854
4853
4859
4852
4852
4852
4851
4851
4851
4857
4850
4850
4850
4849
4848
4847
4847
4847
4846
4845
4845
4844
4843
4843
4840
4840
4840
4870
4839
4839
4838
4839
4836
4836
4836
4834
4836
4833
4833
4832
4832
4833
4831
4831
4830
4830
4830
4829
4829
4830
4828
4828
4827
4832
4826
4826
4826
4825
4888
4824
4823
4823
4820
4820
4820
4823
4818
4818
4818
4818
4821
4817
4817
4816
4815
4817
4814
4814
4818
4813
4813
4812
4812
4811
4810
4823
4809
4809
4809
4809
4834
4808
4808
4808
4807
4807
4806
4804
4804
4801
4800
4800
4799
4799
4799
4799
4801
4798
4798
4798
4796
4795
4795
4794
4792
4805
4790
4789
4789
4788
4787
4800
4786
4785
4785
4784
4784
4797
4782
4782
4781
4781
4782
4779
4779
4779
4781
4778
4777
4775
4775
4774
4772
4772
4778
4770
4769
4767
4767
4767
4766
4766
4766
4766
4767
4765
4765
4765
4764
4769
4763
4762
4762
4762
4761
4762
4760
4760
4762
4759
4759
4766
4758
4758
4756
4755
4755
4755
4754
4753
4753
4753
4752
4751
4751
4751
4750
4750
4780
4749
4749
4748
4748
4748
4747
4748
4746
4746
4743
4744
4742
4742
4743
4741
4741
4741
4740
4741
4738
4738
4738
4738
4737
4737
4737
4738
4736
4735
4735
4740
4734
4733
4734
4732
4732
4732
4731
4731
4829
4730
4730
4794
4728
4728
4727
4727
4727
4725
4725
4726
4723
4723
4723
4723
4722
4722
4721
4719
4719
4719
4718
4718
4717
4716
4719
4714
4714
4714
4725
4713
4712
4711
4711
4710
4709
4706
4707
4705
4704
4703
4703
4715
4702
4702
4701
4701
4702
4700
4701
4699
4696
4696
4697
4695
4695
4694
4696
4693
4693
4693
4693
4695
4692
4693
4691
4695
4690
4690
4689
4689
4688
4687
4686
4685
4685
4685
4685
4685
4688
4683
4682
4681
4681
4681
4709
4680
4680
4680
4679
4680
4678
4678
4677
4676
4675
4675
4676
4674
4674
4674
4673
4672
4672
4671
4670
4670
4670
4669
4669
4669
4680
4668
4667
4666
4667
4665
4665
4665
4665
4664
4664
4665
4663
4661
4662
4660
4661
4658
4658
4657
4657
4661
4656
4656
4655
4655
4663
4654
4654
4653
4652
4652
4651
4651
4650
4650
4649
4660
4648
4648
4646
4646
4645
4645
4645
4645
4645
4645
4644
4643
4642
4643
4640
4640
4639
4639
4640
4638
4638
4638
4638
4637
4637
4646
4636
4636
4636
4635
4635
4633
4633
4633
4633
4632
4632
4654
4630
4630
4630
4630
4629
4628
4628
4627
4627
4628
4626
4626
4626
4625
4625
4625
4625
4625
4627
4623
4623
4626
4622
4622
4622
4620
4621
4619
4619
4622
4618
4618
4618
4618
4616
4615
4615
4653
4613
4612
4611
4611
4613
4610
4610
4611
4609
4609
4608
4608
4609
4607
4608
4606
4606
4605
4604
4605
4602
4602
4601
4600
4605
4599
4599
4599
4606
4597
4596
4597
4595
4595
4595
4595
4609
4594
4594
4593
4592
4592
4592
4591
4590
4590
4590
4590
4592
4589
4589
4588
4590
4586
4586
4591
4585
4585
4583
4585
4582
4582
4580
4581
4576
4575
4575
4574
4582
4573
4573
4573
4591
4571
4571
4571
4570
4570
4570
4569
4569
4569
4568
4567
4567
4567
4566
4565
4567
4564
4564
4564
4564
4563
4561
4560
4559
4559
4559
4559
4563
4558
4558
4558
4558
4558
4557
4557
4556
4588
4555
4555
4554
4553
4553
4553
4553
4553
4553
4553
4552
4552
4552
4550
4550
4551
4549
4549
4551
4548
4548
4548
4548
4548
4549
4547
4547
4547
4547
4546
4545
4545
4544
4544
4543
4567
4542
4542
4542
4541
4540
4540
4564
4539
4538
4536
4536
4534
4535
4533
4531
4530
4528
4629
4527
4527
4525
4525
4525
4524
4524
4522
4523
4521
4521
4521
4520
4520
4520
4523
4519
4519
4518
4519
4517
4517
4516
4516
4516
4515
4514
4514
4514
4514
4514
4514
4513
4513
4513
4513
4513
4512
4512
4511
4510
4510
4509
4508
4509
4507
4508
4506
4506
4506
4505
4505
4505
4503
4503
4502
4502
4501
4501
4500
4500
4499
4499
4499
4499
4499
4498
4499
4497
4496
4495
4495
4494
4495
4493
4493
4501
4492
4492
4490
4490
4490
4486
4486
4488
4485
4485
4489
4484
4482
4482
4480
4483
4479
4478
4478
7857
4477
4476
4476
4475
4475
4475
4475
4477
4472
4471
4470
4470
4470
4469
4471
4467
4467
4472
4466
4466
4466
4466
4466
4465
4465
4463
4463
4462
4462
4461
4461
4466
4460
4460
4459
4459
4458
4457
4457
4455
4455
4455
4455
4454
4454
4458
4453
4453
4453
4460
4452
4452
4452
4452
4451
4450
4449
4450
4448
4448
4448
4447
4446
4445
4445
4445
4444
4444
4444
4444
4448
4443
4443
4443
4447
4441
4441
4440
4441
4438
4438
4435
4439
4434
4434
4434
4434
4431
4430
4430
4434
4428
4428
4428
4427
4425
4427
4424
4424
4439
4423
4423
4423
4422
4422
4422
4421
4421
4420
4421
4419
4419
4419
4417
4417
4417
4417
4416
4415
4414
4414
4413
4413
4437
4412
4410
4410
4409
4409
4408
4408
4408
4407
4407
4406
4406
4405
4405
4405
4405
4405
4405
4411
4404
4403
4402
4401
4401
4400
4398
4397
4401
4396
4396
4395
4395
4395
4395
4395
4394
4464
4392
4391
4391
4391
4391
4391
4390
4390
4390
4390
4388
4388
4388
4386
4388
4385
4385
4388
4384
4384
4382
4382
4381
4381
4380
4384
4378
4378
4377
4377
4376
4376
4376
4376
4374
4374
4374
4382
4373
4373
4371
4371
4369
4383
4368
4368
4367
4367
4366
4367
4365
4365
4365
4366
4364
4364
4364
4364
4363
4363
4362
4360
4359
4360
4358
4356
4370
4355
4355
4355
4354
4353
4353
4351
4351
4351
4350
4350
4350
4350
4348
4345
4345
4344
4344
4345
4342
4342
4342
4342
4342
4349
4341
4340
4341
4339
4337
4338
4335
4345
4334
4334
4334
4334
4333
4331
4333
4330
4330
4330
4330
4330
4330
4330
4329
4328
4328
4328
4377
4327
4327
4326
4326
4325
4325
4324
4327
4323
4323
4323
4321
4322
4320
4320
4320
4319
4316
4316
4319
4315
4314
4312
4313
4311
4311
4311
4311
4326
4310
4309
4309
4307
4307
4306
4306
4305
4305
4305
4305
4305
4305
4305
4304
4304
4304
4303
4325
4302
4301
4301
4301
4300
4298
4297
4297
4295
4295
4300
4293
4293
4292
4291
4291
4288
4288
4310
4287
4287
4287
4287
4286
4286
4287
4285
4285
4284
4284
4284
4283
4283
4281
4279
4279
4279
4278
4278
4281
4277
4277
4276
4284
4274
4274
4273
4273
4271
4271
4270
4273
4269
4268
4266
4266
4266
4265
4264
4268
4263
4262
4262
4259
4259
4269
4258
4257
4256
4257
4254
4254
4257
4253
4253
4255
4252
4251
4249
4249
4249
4247
4247
4246
4246
4244
4242
4240
4239
4239
4239
4239
4258
4238
4236
4235
4235
4235
4235
4236
4234
4234
4233
4234
4232
4231
4230
4294
4229
4229
4228
4225
4228
4223
4223
4223
4222
4222
4223
4221
4220
4220
4220
4220
4219
4218
4217
4215
4215
4214
4213
4213
4212
4212
4221
4211
4211
4211
4212
4210
4209
4209
4209
4209
4208
4207
4207
4206
4205
4204
4203
4204
4201
4201
4206
4199
4199
4199
4198
4196
4196
4196
4195
4193
4193
4192
4192
4191
4192
4190
4190
4190
4188
4188
4185
4188
4184
4186
4183
4183
4183
4182
4197
4181
4179
4179
4179
4181
4178
4178
4179
4177
4177
4177
4177
4176
4176
4176
4175
4189
4174
4174
4173
4171
4170
4169
4169
4169
4169
4169
4168
4168
4168
4168
4168
4167
4167
4167
4165
4165
4164
4164
4174
4163
4163
4161
4161
4160
4163
4159
4159
4159
4158
4157
4158
4156
4156
4156
4156
4155
4154
4154
4154
4154
4152
4151
4152
4150
4150
4153
4149
4149
4149
4149
4153
4148
4146
4146
4144
4145
4143
4143
4148
4141
4141
4141
4140
4140
4140
4139
4140
4138
4138
4141
4136
4136
4134
4134
4133
4132
4136
4131
4131
4169
4130
4130
4130
4130
4129
4128
4130
4126
4126
4126
4126
4125
4124
4124
4124
4124
4121
4121
4121
4124
4120
4120
4118
4120
4117
4114
4112
4112
4111
4110
4110
4110
4106
4107
4105
4110
4102
4102
4101
4101
4100
4101
4099
4111
4098
4098
4098
4098
4098
4097
4097
4096
4095
4098
4094
4094
4093
4093
4091
4091
4091
4124
4090
4090
4089
4089
4088
4088
4088
4088
4087
4087
4088
4086
4086
4085
4085
4084
4083
4083
4082
4081
4081
4080
4079
4078
4079
4077
4081
4076
4075
4076
4074
4074
4073
4073
4073
4075
4072
4124
4071
4071
4071
4071
4071
4070
4070
4069
4070
4068
4068
4067
4067
4122
4066
4066
4066
4066
4065
4065
4064
4064
4064
4064
4063
4062
4061
4061
4060
4060
4059
4062
4058
4058
4056
4056
4056
4055
4056
4054
4054
4060
4053
4053
4053
4053
4053
4059
4052
4052
4052
4051
4051
4051
4050
4049
4050
4048
4062
4047
4047
4047
4046
4045
4046
4044
4044
4043
4045
4042
4042
4041
4040
4040
4047
4038
4038
4037
4037
4037
4036
4036
4036
4339
4035
4035
4034
4034
4033
4033
4033
4032
4032
4032
4031
4030
4029
4029
4029
4030
4027
4027
4026
4028
4025
4025
4025
4029
4024
4024
4023
4033
4021
4021
4021
4020
4019
4020
4017
4016
4015
4014
4014
4014
4020
4012
4012
4011
4017
4010
4009
4006
4010
4005
4005
4005
4005
4005
4004
4004
4017
4003
4003
4003
4002
4002
4002
4001
4001
4001
4002
4000
4000
4000
4000
3998
3998
3998
3997
3997
3994
3994
3994
3993
3996
3992
3992
3992
3998
3990
3989
3988
4016
3987
3987
3987
3987
3996
3986
3986
3985
3985
3986
3984
3984
3983
3983
3981
3981
3981
3980
3980
3983
3979
3978
3978
3978
3978
3977
3977
3977
3977
3976
3976
3977
3974
3974
3977
3971
3971
3971
3969
3969
3968
3966
3967
3965
3965
3965
3964
3961
3961
3960
3960
3960
3960
3960
3959
3959
3973
3958
3957
3958
3956
3956
3956
3956
3954
3953
3953
3953
3953
3952
3952
3951
3950
3950
3953
3949
3949
3949
3947
3945
3944
3948
3943
3943
3946
3942
3958
3940
3940
3939
3939
3938
3937
3936
3935
3935
3934
3936
3933
3931
3930
3932
3929
3928
3928
3928
3927
3927
3940
3926
3926
3925
3926
3924
3924
4024
3923
3923
3923
3922
3921
3921
3921
3920
3921
3919
3919
3919
3921
3918
3918
3918
3918
3917
3917
3919
3916
3916
3916
3916
3915
3914
3913
3913
3913
3912
3912
3911
3910
3910
3910
3905
3905
3904
3904
3902
3902
3902
3906
3901
3901
3903
3900
3900
3900
3900
3899
3898
3897
3898
3896
3896
3896
3895
3895
3894
3894
3891
3891
3890
3890
3890
3898
3889
3889
3889
3887
3887
3886
3886
3907
3885
3883
3883
3882
3882
3892
3881
3881
3881
3880
3880
3880
3879
3880
3878
3878
3876
3876
3876
3876
3878
3875
3874
3874
3873
3873
3872
3872
3877
3871
3870
3870
3870
3868
3867
3867
3866
3866
3866
3866
3868
3865
3864
3871
3863
3863
3859
3859
3859
3859
3858
3858
3858
3857
3854
3854
3855
3851
3851
3850
3851
3849
3849
3851
3848
3848
3848
3847
3847
3851
3846
3846
3846
3845
3856
3844
3844
3857
3842
3842
3841
3841
3840
3842
3839
3839
3839
3838
3837
3837
3836
3837
3835
3834
3834
3834
3832
3831
3831
3834
3830
3830
3830
3829
3828
3828
3827
3827
3826
3825
3825
3825
3822
3821
3820
3823
3819
3819
3818
3818
3817
3817
3817
3818
3816
3816
3820
3815
3834
3814
3814
3813
3813
3812
3811
3811
3811
3810
3813
3809
3809
3809
3809
3809
3808
3807
3806
3805
3805
3804
3806
3803
3802
3801
3802
3800
3800
3837
3799
3798
3798
3798
3799
3797
3795
3795
3795
3794
3794
3794
3794
3792
3792
3791
3791
3794
3790
3790
3789
3788
3787
3786
3787
3784
3783
3783
3782
3783
3781
3785
3780
3780
3780
3779
3778
3778
3778
3777
3777
3776
3776
3775
3775
3775
3772
3774
3771
3771
3773
3770
3770
3769
3769
3770
3768
3767
3766
3766
3765
3765
3765
3762
3765
3761
3761
3758
3757
3759
3755
3754
3754
3754
3753
3753
3753
3753
3753
3753
3752
3752
3751
3748
3747
3748
3745
3745
3745
3747
3744
3743
3742
3743
3741
3740
3740
3740
3749
3739
3738
3739
3737
3737
3737
3739
3736
3736
3736
3736
3735
3734
3734
3734
3740
3733
3733
3737
3732
3732
3731
3771
3728
3728
3728
3728
3727
3727
3727
3725
3725
3725
3790
3724
3724
3724
3723
3723
3723
3723
3722
3721
3721
3721
3720
3720
3720
3720
3718
3716
3715
3715
3715
3715
3721
3714
3714
3713
3719
3712
3712
3711
3711
3711
3711
3710
3711
3709
3709
3708
3708
3708
3707
3707
3706
3706
3704
3704
3706
3703
3712
3701
3701
3701
3701
3700
3699
3698
3697
3700
3696
3696
3696
3695
3693
3693
3695
3692
3692
3690
3690
3689
3689
3688
3687
3687
3699
3686
3686
3686
3686
3686
3685
3685
3684
3684
3683
3683
3683
3682
3682
3682
3681
3681
3680
3680
3678
3678
3678
3677
3677
3684
3676
3676
3697
3675
3675
3674
3674
3673
3673
3672
3672
3671
3675
3670
3670
3670
3670
3670
3669
3669
3668
3668
3668
3667
3667
3664
3664
3663
3663
3671
3661
3661
3661
3668
3660
3660
3660
3660
3660
3659
3659
3659
3658
3658
3657
3657
3656
3656
3656
3654
3654
3654
3652
3659
3651
3651
3651
3668
3650
3650
3650
3649
3648
3647
3650
3646
3649
3645
3645
3644
3643
3643
3642
3641
3641
3649
3639
3639
3639
3638
3642
3636
3636
3661
3635
3635
3635
3634
3634
3634
3634
3632
3635
3631
3631
3631
3631
3630
3629
3628
3627
3626
3626
3626
3626
3626
3625
3622
3621
3621
3622
3620
3620
3620
3620
3620
3620
3876
3619
3619
3616
3616
3619
3613
3615
3612
3611
3611
3610
3619
3609
3607
3606
3606
3606
3605
3602
3601
3601
3600
3600
3600
3599
3599
3599
3599
3605
3598
3598
3597
3597
3596
3596
3595
3595
3612
3594
3594
3594
3594
3594
3594
3593
3593
3592
3591
3592
3589
3589
3587
3587
3587
3587
3587
3587
3586
3587
3585
3585
3584
3583
3583
3583
3582
3582
3583
3581
3580
3579
3578
3577
3577
3580
3576
3576
3584
3575
3575
3575
3575
3575
3602
3574
3573
3573
3574
3572
3572
3571
3571
3572
3569
3569
3568
3567
3566
3567
3565
3569
3564
3564
3564
3563
3563
3563
3563
3563
3570
3562
3561
3560
3559
3561
3558
3558
3557
3556
3556
3555
3555
3554
3553
3552
3553
3551
3551
3550
3549
3554
3548
3548
3564
3547
3547
3545
3544
3544
3544
3543
3543
3542
3542
3541
3541
3541
3540
3540
3541
3539
3537
3537
3537
3537
3540
3536
3536
3613
3535
3535
3535
3534
3534
3533
3532
3532
3531
3531
3531
3531
3530
3530
3530
3530
3528
3527
3525
3525
3850
3523
3523
3522
3522
3522
3521
3520
3521
3519
3521
3518
3518
3518
3518
3518
3517
3518
3516
3516
3516
3514
3513
3519
3511
3511
3510
3510
3509
3509
3509
3509
3508
3508
3507
3507
3505
3505
3504
3503
3510
3502
3502
3502
3503
3501
3501
3499
3499
3499
3498
3498
3498
3498
3511
3497
3497
3497
3497
3505
3496
3496
3493
3493
3492
3492
3492
3492
3492
3490
3490
3490
3489
3488
3488
3489
3487
3491
3486
3486
3484
3513
3483
3482
3482
3482
3482
3482
3481
3481
3481
3479
3479
3479
3478
3478
3476
3476
3478
3475
3482
3474
3473
3473
3473
3471
3471
3471
3471
3470
3470
3473
3469
3469
3468
3468
3468
3467
3482
3466
3466
3465
3465
3465
3464
3464
3463
3466
3462
3462
3464
3461
3461
3461
3461
3461
3461
3460
3460
3459
3459
3457
3457
3457
3459
3456
3456
3456
3462
3455
3455
3455
3455
3453
3453
3453
3455
3452
3452
3451
3451
3451
3450
3450
3450
3450
3449
3448
3447
3955
3446
3446
3445
3444
3444
3444
3446
3443
3443
3442
3443
3441
3443
3440
3442
3438
3438
3438
3437
3435
3435
3433
3433
3432
3433
3431
3437
3430
3430
3430
3429
3429
3442
3428
3428
3426
3425
3425
3425
3424
3424
3423
3421
3421
3421
3420
3420
3420
3439
3419
3419
3418
3418
3418
3417
3416
3415
3414
3413
3413
3413
3416
3412
3412
3409
3409
3412
3408
3408
3416
3407
3407
3407
3406
3406
3405
3405
3405
3405
3405
3402
3402
3402
3401
3401
3400
3398
3396
3396
3396
3395
3395
3395
3395
3394
3393
3392
3392
3390
3389
3395
3388
3388
3388
3387
3387
3386
3394
3385
3385
3385
3385
3384
3384
3380
3381
3379
3382
3378
3376
3376
3374
3376
3373
3373
3371
3370
3377
3369
3369
3369
3369
3368
3368
3397
3367
3367
3367
3367
3367
3416
3366
3365
3365
3365
3406
3364
3364
3364
3364
3364
3363
3361
3361
3361
3361
3360
3363
3359
3359
3356
3357
3355
3355
3355
3354
3354
3354
3353
3353
3353
3352
3352
3356
3351
3350
3350
3349
3351
3348
3348
3347
3347
3348
3346
3346
3346
3345
3345
3345
3344
3342
3348
3341
3341
3341
3340
3340
3339
3339
3341
3336
3336
3348
3334
3346
3333
3333
3333
3332
3332
3332
3332
3331
3348
3330
3330
3329
3329
3329
3328
3330
3327
3327
3327
3330
3326
3325
3324
3322
3322
3322
3321
3334
3320
3320
3319
3319
3319
3319
3318
3318
3318
3317
3317
3316
3316
3316
3315
3315
3315
3313
3313
3312
3314
3311
3311
3310
3311
3309
3308
3322
3307
3307
3307
3307
3307
3305
3304
3303
3307
3302
3302
3302
3302
3302
3302
3301
3301
3301
3301
3306
3300
3300
3300
3299
3297
3297
3297
3296
3296
3296
3295
3295
3295
3297
3293
3293
3293
3297
3292
3292
3292
3292
3291
3291
3290
3290
3290
3287
3286
3286
3285
3284
3284
3283
3284
3282
3282
3280
3279
3278
3278
3278
3277
3277
3277
3281
3275
3288
3274
3274
3274
3273
3273
3273
3272
3272
3272
3272
3271
3270
3270
3270
3270
3266
3266
3266
3265
3265
3265
3263
3263
3263
3263
3262
3290
3260
3259
3259
3259
3259
3258
3259
3257
3255
3255
3256
3254
3252
3252
3256
3250
3253
3249
3249
3249
3249
3248
3247
3245
3245
3251
3244
3244
3244
3244
3242
3242
3241
3241
3241
3241
3240
3240
3239
3239
3238
3238
3237
3236
3252
3235
3235
3234
3233
3232
3235
3231
3231
3231
3231
3231
3231
3229
3229
3228
3228
7288
3226
3226
3226
3226
3224
3224
3223
3223
3224
3222
3223
3221
3218
3220
3217
3217
3217
3216
3219
3215
3213
3213
3215
3211
3211
3210
3210
3209
3209
3208
3210
3206
3204
3204
3215
3203
3203
3201
3201
3201
3200
3200
3200
3200
3199
3199
3199
3200
3198
3198
3198
3197
3197
3197
3196
3196
3196
3194
3210
3193
3192
3192
3191
3191
3190
3189
3189
3189
3189
3189
3198
3188
3188
3188
3187
3187
3186
3185
3185
3184
3184
3186
3182
3182
3182
3181
3181
3182
3179
3179
3178
3177
3177
3177
3179
3176
3175
3175
3176
3174
3174
3171
3174
3170
3170
3169
3168
3168
3170
3167
3167
3167
3166
3166
3166
3166
3176
3165
3165
3160
3160
3160
3157
3165
3156
3157
3155
3155
3155
3154
3154
3154
3152
3151
3150
3150
3149
3149
3149
3165
3148
3147
3147
3144
3147
3143
3142
3142
3145
3141
3140
3139
3139
3139
3138
3138
3138
3137
3137
3134
3133
3136
3132
3132
3131
3131
3130
3130
3132
3129
3128
3127
3126
3127
3123
3123
3122
3122
3122
3120
3117
3116
3116
3115
3115
3113
3115
3112
3112
3111
3111
3110
3110
3108
3108
3108
3107
3108
3106
3105
3106
3104
3104
3103
3103
3103
3102
3102
3100
3099
3098
3098
3098
3114
3097
3097
3097
3096
3097
3095
3095
3094
3094
3094
3097
3093
3093
3093
3100
3092
3091
3091
3090
3092
3088
3087
3088
3086
3086
3086
3085
3085
3085
3084
3084
3083
3086
3082
3082
3081
3081
3081
3081
3079
3118
3075
3075
3075
3073
3075
3072
3071
3071
3073
3070
3068
3069
3067
3067
3066
3066
3065
3065
3067
3064
3089
3063
3061
3059
3059
3062
3058
3058
3162
3057
3057
3057
3057
3057
3056
3056
3057
3055
3055
3055
3055
3055
3054
3054
3055
3053
3053
3054
3051
3051
3050
3050
3050
3049
3048
3046
3046
3048
3045
3159
3043
3042
3041
3040
3041
3038
3036
3035
3034
3042
3032
3037
3030
3030
3030
3028
3028
3030
3027
3027
3026
3026
3029
3025
3025
3025
3025
3030
3024
3023
3023
3059
3022
3022
3022
3020
3020
3020
3124
3019
3019
3018
3018
3016
3018
3015
3015
3017
3014
3014
3014
3013
3013
3013
3012
3012
3012
3019
3011
3008
3008
3008
3006
3006
3004
3004
3004
3004
3003
3003
3002
3000
3000
2999
2998
2997
3002
2996
2996
2996
2997
2993
2993
2991
2990
2990
2991
2989
2989
2988
2986
2985
2984
2984
2984
2983
2983
2983
2982
2980
2979
2979
2979
2979
2986
2977
2976
2975
2975
2975
2974
2972
2972
2970
2975
2969
2982
2968
2968
2967
2967
2967
2966
2967
2964
2964
2962
2962
2962
3033
2960
2960
2959
2959
2959
2958
2958
2958
2958
2954
2953
2953
2953
2952
2952
2951
2950
2950
2950
2950
2957
2949
2952
2948
2948
2947
2947
2947
2947
2946
2945
2944
2947
2943
2943
2942
2940
2942
2938
2937
2941
2936
2936
2936
2939
2935
2935
2933
2933
2933
2932
2932
2930
2930
2932
2929
2929
2928
2927
2927
2927
2928
2926
2925
2924
2927
2923
2923
2923
2922
2922
2922
2920
2922
2919
2919
2916
2916
2924
2915
2915
2915
2913
2913
2913
2915
2912
2912
2912
2912
2911
2914
2910
2910
2910
2908
2908
2908
2926
2907
2907
2907
2907
2906
2906
2907
2905
2905
2904
2904
2903
2901
2899
2901
2898
2897
2897
2897
2900
2896
2896
2895
2897
2894
2894
2894
2891
2889
2889
2890
2888
2888
2888
2896
2887
2887
2887
2887
2885
2885
2885
2885
2884
2884
2884
2884
2883
2883
2883
2916
2882
2882
2882
2881
2881
2879
2879
2878
2878
2877
2877
2877
2876
2876
2876
2876
2875
2875
2874
2873
2872
2874
2871
2870
2881
2868
2867
2866
2866
2866
2866
2866
2864
2863
2862
2862
2861
2863
2859
2859
2858
2858
2861
2857
2857
2857
2857
2855
2855
2853
2852
2848
2846
2851
2845
2844
2844
2843
2843
2852
2842
2842
2842
2857
2841
2840
2840
2839
2839
2839
2839
2839
2838
2838
2837
2836
2835
2835
2834
2834
2833
2833
2834
2832
2832
2832
2832
2831
2831
2830
2830
2827
2827
2832
2825
2825
2824
2823
2819
2824
2818
2818
2816
2816
2817
2815
2815
2815
2815
2820
2814
2814
2814
2813
2813
2812
2812
2812
2811
2811
2810
2810
2833
2809
2808
2808
2808
2807
2807
2806
2805
2804
2804
2804
2803
2802
2806
2801
2808
2799
2798
2798
2797
2795
2795
2795
2799
2794
2794
2794
2794
2793
2793
2794
2792
2792
2792
2791
2791
2791
2790
2790
2790
2790
2789
2789
2789
2789
2789
2788
2788
2788
2868
2787
2787
2787
2786
2785
2787
2784
2783
2783
2783
2783
2783
2781
2781
2780
2780
2779
2783
2778
2778
2777
2777
2775
2773
2772
2772
2771
2770
2770
2773
2769
2776
2768
2768
2767
2767
2766
2766
2765
2763
2763
2766
2762
2762
2762
2761
2761
2765
2760
2760
2759
2759
2773
2758
2758
2770
2757
2757
2756
2755
2755
2754
2757
2753
2753
2752
2751
2750
2750
2750
2756
2749
2749
2749
2749
2748
2748
2747
2746
2745
2744
2744
2754
2743
2742
2742
2741
2741
2740
2740
2740
2740
2752
2739
2739
2739
2739
2738
2737
2736
2736
2735
2735
2735
2734
2734
2734
2735
2733
2733
2733
2733
2732
2732
2731
2732
2730
2732
2729
2729
2728
2728
2728
2729
2726
2726
2726
2725
2728
2724
2724
2724
2723
2724
2722
2722
2722
2722
2722
2721
2721
2721
2719
2721
2718
2718
2718
2718
2718
2717
2716
2716
2715
2715
2715
2713
2713
2712
2712
2712
2712
2710
2712
2709
2709
2709
2709
2709
2709
2710
2708
2708
2707
2707
2707
2719
2706
2706
2706
2706
2706
2808
2705
2705
2704
2704
2704
2702
2702
2701
2701
2702
2700
2700
2700
2700
2700
2700
2700
2705
2699
2699
2699
2699
2699
2698
2698
2696
2696
2696
2695
2693
2693
2692
2692
2697
2691
2691
2690
2695
2689
2689
2689
2689
2687
2687
2685
2685
2684
2696
2683
2681
2682
2680
2680
2680
2679
2679
2680
2678
2678
2677
2677
2676
2676
2676
2676
2676
2675
2675
2675
2675
2675
2699
2674
2674
2673
2674
2672
2672
2672
2672
2671
2672
2669
2669
2669
2669
2668
2668
2668
2668
2667
2667
2666
2667
2665
2665
2665
2667
2664
2666
2662
2662
2662
2662
2661
2662
2660
2658
2660
2657
2657
2657
2656
2656
2655
2655
2656
2654
2654
2654
2653
2653
2653
2652
2652
2657
2651
2651
2650
2650
2650
2650
2649
2649
2648
2648
2648
2647
2647
2651
2646
2646
2645
2645
2645
2649
2644
2644
2644
2643
2643
2642
2642
2644
2641
2641
2640
2641
2639
2642
2638
2638
2638
2637
2637
2636
2635
2635
2634
2633
2633
2633
2632
2632
2631
2631
2631
2631
2630
2630
2629
2629
2629
2629
2628
2628
2628
2627
2628
2626
2626
2626
2626
2626
2625
2626
2624
2624
2631
2623
2623
2622
2621
2621
2621
2628
2620
2620
2620
2620
2620
2620
2620
2619
2619
2620
2618
2618
2618
2618
2617
2617
2617
2616
2616
2616
2617
2615
2615
2615
2615
2615
2615
2629
2614
2614
2613
2613
2613
2612
2612
2611
2611
2611
2610
2610
2612
2609
2609
2606
2608
2605
2605
2605
2609
2604
2604
2604
2604
2604
2603
2603
2602
2602
2601
2601
2601
2600
2600
2600
2600
2599
2599
2599
2601
2598
2598
2598
2598
2598
2598
2607
2597
2597
2597
2597
2597
2597
2596
2596
2596
2595
2595
2594
2594
2595
2593
2593
2593
2593
2591
2591
2591
2590
2590
2590
2589
2589
2594
2588
2588
2585
2584
2584
2583
2583
2583
2582
2582
2582
2581
2581
2580
2580
2582
2579
2580
2578
2578
2578
2577
2576
2576
2576
2575
2575
2575
2575
2574
2573
2575
2572
2572
2572
2572
2572
2572
2602
2571
2571
2571
2569
2569
2569
2569
2568
2568
2568
2567
2567
2567
2566
2567
2565
2565
2564
2564
2564
2564
2563
2562
2562
2562
2568
2561
2559
2558
2559
2557
2557
2557
2556
2556
2555
2556
2554
2554
2554
2554
2553
2552
2552
2554
2550
2550
2549
2548
2549
2547
2547
2547
2547
2547
2547
2547
2546
2546
2545
2544
2544
2545
2543
2543
2543
2543
2542
2542
2542
2542
2541
2542
2539
2539
2539
2539
2538
2538
2538
2538
2536
2536
2538
2535
2534
2534
2534
2533
2533
2533
2534
2532
2532
2531
2530
2529
2529
2529
2531
2527
2527
2525
2525
2525
2524
2524
2531
2523
2523
2523
2551
2522
2522
2522
2522
2522
2521
2522
2520
2520
2520
2521
2518
2518
2518
2517
2517
2517
2517
2516
2517
2515
2516
2514
2514
2514
2513
2513
2513
2513
2512
2512
2512
2511
2514
2509
2509
2509
2509
2508
2508
2507
2506
2506
2506
2506
2517
2505
2505
2505
2505
2504
2504
2504
2504
2503
2503
2502
2504
2501
2501
2501
2500
2521
2498
2498
2497
2497
2497
2497
2496
2496
2497
2495
2495
2495
2495
2495
2494
2494
2492
2492
2495
2491
2491
2491
2490
2490
2490
2496
2489
2489
2508
2488
2488
2488
2488
2487
2488
2486
2486
2485
2485
2484
2483
2483
2482
2482
2485
2481
2481
2481
2486
2480
2480
2480
2479
2479
2478
2478
2477
2482
2476
2476
2475
2474
2476
2473
2473
2473
2473
2472
2472
2476
2471
2471
2471
2470
2471
2469
2469
2468
2467
2466
2466
2466
2475
2465
2465
2465
2464
2464
2464
2464
2464
2464
2463
2463
2463
2461
2460
2460
2459
2458
2459
2457
2457
2456
2462
2455
2455
2455
2455
2455
2454
2454
2453
2452
2452
2454
2451
2592
2450
2449
2449
2448
2450
2446
2445
2445
2444
2448
2443
2443
2443
2443
2473
2442
2442
2441
2441
2441
2441
2440
2439
2439
2439
2438
2438
2438
2439
2436
2436
2435
2435
2435
2436
2434
2434
2434
2433
2433
2432
2432
2432
2432
2433
2431
2431
2431
2431
2431
2430
2429
2430
2428
2428
2428
2427
2427
2427
2427
2427
2427
2427
2427
2426
2426
2425
2425
2424
2424
2424
2424
2423
2423
2422
2422
2422
2421
2421
2421
2420
2420
2420
2420
2421
2419
2419
2419
2432
2418
2418
2418
2417
2416
2418
2415
2415
2415
2414
2414
2414
2414
2415
2413
2413
2413
2412
2412
2411
2410
2410
2411
2409
2409
2408
2407
2407
2407
2408
2406
2406
2405
3110
2404
2404
2404
2403
2403
2403
2403
2403
2403
2403
2402
2402
2402
2401
2400
2399
2399
2399
2397
2396
2395
2396
2393
2393
2393
2392
2392
2394
2391
2391
2390
2389
2389
2394
2388
2388
2388
2388
2390
2387
2387
2387
2386
2385
2385
2384
2383
2383
2382
2382
2385
2381
2381
2381
2380
2380
2380
2380
2385
2379
2379
2378
2377
2377
2377
2377
2377
2377
2376
2374
2374
2373
2372
2373
2371
2371
2371
2371
2371
2374
2370
2370
2369
2369
2369
2369
2368
2368
2366
2381
2365
2365
2363
2363
2363
2396
2362
2362
2361
2361
2366
2360
2360
2360
2360
2359
2358
2358
2358
2358
2357
2357
2357
2357
2357
2357
2355
2355
2355
2354
2354
2356
2353
2353
2353
2352
2353
2351
2351
2351
2351
2350
2350
2349
2348
2351
2347
2347
2347
2356
2346
2346
2345
2345
2345
2384
2344
2344
2344
2343
2343
2343
2344
2342
2342
2342
2341
2341
2340
2341
2339
2339
2339
2339
2338
2341
2337
2341
2336
2336
2336
2335
2335
2335
2334
2334
2334
2334
2342
2333
2333
2333
2333
2332
2332
2331
2330
2342
2328
2328
2327
2326
2326
2328
2325
2325
2327
2324
2324
2323
2323
2323
2323
2323
2322
2322
2322
2321
2328
2320
2320
2320
2319
2318
2320
2317
2317
2317
2317
2320
2316
2316
2316
2316
2315
2315
2315
2322
2313
2313
2315
2312
2311
2311
2310
2309
2308
2307
2307
2307
2307
2310
2306
2306
2306
2305
2305
2305
2304
2304
2304
2306
2303
2303
2303
2303
2302
2302
2302
2301
2301
2300
2299
2299
2303
2298
2296
2296
2296
2297
2295
2295
2294
2294
2295
2293
2293
2293
2292
2292
2292
2292
2291
2291
2290
2290
2290
2289
2289
2291
2288
2296
2287
2287
2287
2287
2286
2286
2286
2286
2286
2285
2285
2284
2284
2284
2283
2283
2283
2283
2282
2282
2282
2282
2282
2286
2281
2281
2281
2281
2281
2281
2295
2280
2280
2278
2278
2277
2276
2276
2275
2275
2275
2274
2274
2273
2273
2273
2273
2280
2272
2271
2271
2270
2270
2270
2270
2269
2269
2269
2271
2268
2268
2267
2267
2267
2267
2266
2266
2268
2265
2265
2265
2265
2263
2263
2263
2263
2263
2263
2262
2265
2260
2261
2259
2259
2257
2257
2256
2256
2255
2254
2253
2253
2253
2256
2252
2252
2251
2250
2251
2249
2249
2256
2248
2247
2247
2248
2246
2246
2246
2246
2245
2244
2244
2243
2242
2241
2241
2240
2240
2240
2240
2239
2240
2238
2238
2236
2236
2236
2235
2234
2237
2233
2232
2232
2232
2232
2231
2231
2231
2231
2230
2230
2245
2229
2227
2228
2226
2226
2226
2226
2226
2226
2225
2228
2224
2224
2224
2224
2223
2223
2224
2222
2222
2222
2222
2221
2221
2221
2220
2220
2221
2219
2219
2219
2219
2219
2217
2217
2217
2216
2216
2215
2215
2214
2214
2214
2214
2214
2212
2215
2211
2211
2211
2210
2210
2208
2208
2208
2207
2207
2207
2206
2206
2206
2206
2205
2205
2205
2204
2204
2203
2203
2204
2202
2202
2202
2202
2204
2201
2201
2200
2200
2200
2200
2198
2198
2198
2197
2196
2194
2196
2193
2192
2192
2192
2191
2190
2189
2189
2191
2188
2188
2188
2189
2187
2187
2186
2186
2185
2185
2185
2185
2185
2184
2184
2184
2183
2182
2183
2181
2181
2181
2180
2180
2190
2178
2178
2178
2177
2191
2176
2176
2176
2176
2176
2175
2175
2175
2174
2174
2175
2173
2173
2172
2172
2196
2171
2171
2171
2171
2171
2171
2171
2169
2168
2169
2167
2167
2167
2167
2167
2167
2167
2168
2166
2166
2166
2165
2165
2165
2164
2163
2164
2162
2162
2162
2167
2161
2161
2160
2160
2160
2159
2159
2158
2158
2158
2158
2158
2157
2157
2165
2156
2155
2155
2156
2154
2154
2154
2154
2153
2152
2152
2155
2151
2151
2151
2151
2151
2150
2149
2149
2148
2148
2149
2147
2147
2147
2145
2146
2144
2144
2148
2143
2143
2143
2142
2139
2139
2138
2138
2137
2136
2136
2136
2136
2135
2136
2133
2134
2131
2142
2130
2130
2129
2129
2130
2128
2128
2128
2127
2128
2125
2125
2126
2124
2124
2124
2145
2123
2123
2123
2121
2121
2121
2120
2135
2119
2119
2119
2119
2142
2118
2118
2118
2118
2118
2117
2116
2117
2115
2115
2113
2113
2112
2115
2111
2111
2110
2110
2109
2109
2109
2109
2108
2108
2109
2107
2107
2107
2106
2106
2105
2105
2105
2104
2104
2104
2103
2103
2102
2107
2101
2101
2101
2101
2101
2101
2101
2100
2100
2100
2099
2099
2099
2109
2098
2098
2098
2097
2096
2096
2096
2096
2096
8389
2095
2095
2095
2095
2095
2095
2094
2093
2093
2092
2092
2091
2091
2092
2089
2089
2089
2089
2088
2088
2088
2088
2087
2087
2086
2086
2085
2085
2084
2083
2083
2084
2082
2082
2082
2081
2086
2080
2080
2080
2080
2093
2078
2077
2076
2076
2076
2077
2075
2075
2075
2073
2074
2071
2071
2070
2070
2077
2069
2069
2069
2068
2068
2067
2067
2067
2066
2066
2066
2065
2065
2068
2064
2064
2064
2064
2064
2072
2063
2063
2063
2062
2062
2061
2061
2060
2058
2063
2057
2057
2056
2056
2055
2055
2053
2051
2051
2050
2050
2050
2049
2048
2048
2048
2048
2056
2047
2047
2047
2046
2046
2045
2044
2044
2074
2043
2043
2043
2042
2042
2041
2040
2040
2041
2039
2038
2038
2037
2036
2036
2037
2034
2034
2033
2033
2032
2032
2030
2036
2029
2029
2029
2029
2028
2028
2028
2027
2027
2026
2028
2025
2025
2025
2025
2022
2022
2023
2021
2021
2021
2023
2020
2020
2020
2020
2019
2018
2017
2017
2016
2016
2016
2015
2015
2015
2021
2014
2013
2012
2012
2011
2011
2010
2010
2010
2010
2009
2008
2008
2008
2090
2007
2007
2007
2007
2007
2006
2006
2005
2005
2005
2007
2004
2004
2004
2004
2001
2001
2000
1999
1999
1999
1999
1999
1999
1998
1998
1998
1998
2000
1997
1997
1997
1996
1996
1996
1997
1994
1994
1993
1994
1992
1993
1991
1991
1991
1991
1990
1990
1989
1989
1988
1988
1990
1987
1987
1987
1987
1986
1985
1985
1985
1984
1984
1984
1984
1984
1984
1984
1980
1980
1980
1980
1980
1979
1979
1979
1985
1977
1985
1976
1976
1976
1975
1974
1973
1975
1972
1972
1971
1971
1972
1970
1970
1970
1972
1967
1965
1964
1964
1963
1963
1963
1962
1962
1973
1960
1960
1959
1959
1959
1959
1959
1959
1959
1960
1958
1957
1957
1966
1956
1956
1956
1956
1956
1968
1955
1955
1955
1955
1955
1953
1953
1973
1952
1951
1951
1951
1951
1951
1951
1950
1950
1949
1948
1948
1952
1947
1947
1951
1946
1946
1946
1946
1946
1946
1946
1945
1945
1945
1944
1964
1943
1943
1943
1943
1943
1942
1942
1942
1942
1943
1941
1943
1940
1940
1940
1940
1939
1939
1939
1940
1938
1937
1937
1937
1936
1936
1936
1936
1935
1934
1933
1933
1933
1933
1932
1932
1932
1932
1937
1931
1931
1931
1930
1928
1928
1927
1927
1927
1927
1926
1926
1925
1925
1925
1925
1925
1924
1924
1923
1923
1923
1922
1922
1921
1921
1921
1920
1920
1922
1918
1918
1918
1916
1917
1915
1915
1915
1915
1915
1915
1915
1914
1914
1914
1913
1913
1912
1912
1912
1912
1911
1911
1911
1910
1910
1909
1909
1909
1908
1908
1910
1907
1907
1902
1902
1902
1900
1900
1904
1899
1899
1898
1903
1897
1897
1897
1897
1896
1896
1895
1895
1896
1894
1893
1893
1893
1893
1892
1892
1892
1891
1891
1891
1890
1890
1890
1921
1889
1889
1889
1889
1887
1887
1888
1886
1886
1886
1886
1886
1894
1885
1885
1885
1884
1884
1884
1883
1882
1882
1882
1881
1881
1880
1884
1879
1879
1879
1878
1878
1901
1877
1877
1876
1876
1876
1876
1877
1875
1875
1874
1874
1874
1874
1874
1874
1873
1873
1932
1872
1872
1872
1872
1871
1870
1870
1869
1868
1868
1868
1868
1867
1867
1869
1866
1866
1868
1865
1865
1864
1864
1864
1864
1866
1863
1863
1862
1862
1863
1861
1861
1861
1860
1860
1860
1860
1860
1860
1859
1859
1862
1858
1858
1858
1857
1857
1857
1857
1857
1856
1856
1856
1855
1858
1854
1854
1853
1853
1853
1855
1851
1850
1850
1849
1849
1849
1848
1849
1847
1846
1846
1847
1845
1845
1845
1845
1844
1844
1848
1843
1843
1843
1843
1840
1840
1839
1839
1842
1837
1837
1837
1836
1836
1836
1835
1835
1835
1835
1852
1834
1834
1834
1834
1832
1832
1832
1831
1831
1831
1829
1828
1828
1827
1827
1826
1826
1826
1826
1823
1822
1824
1821
1821
1821
1826
1820
1822
1819
1819
1818
1818
1818
1817
1817
1817
1817
1817
1817
1817
1816
1816
1816
1815
1815
1815
1815
1813
1812
1816
1811
1817
1809
1809
1809
1809
1809
1809
1809
1809
1808
1807
1807
1807
1807
1806
1806
1806
1805
1806
1804
1804
1804
1804
1804
1803
1803
1803
1803
1803
1802
1802
1801
1801
1800
1800
1799
1800
1798
1798
1797
1797
1798
1795
1795
1795
1795
1796
1794
1794
1793
1793
1793
1793
1793
1792
1792
1792
1820
1791
1791
1790
1789
1797
1788
1788
1788
1788
1788
1787
1787
1786
1786
1785
1785
1784
1784
1783
1783
1783
1785
1782
1782
1782
1782
1780
1779
1779
1779
1780
1777
1776
1777
1775
1774
1773
1772
1772
1774
1771
1771
1771
1771
1787
1770
1770
1770
1769
1768
1767
1769
1766
1766
1766
1768
1765
1765
1764
1764
1764
1861
1763
1763
1763
1763
1763
1761
1761
1760
1758
1761
1757
1755
1754
1756
1753
1753
1753
1752
1752
1757
1751
1751
1751
1751
1751
1750
1750
1750
1750
1749
1749
1748
1748
1748
1747
1747
1747
1748
1746
1746
1746
1750
1745
1745
1745
1744
1743
1743
1744
1742
1742
1742
1742
1741
1741
1741
1741
1741
1749
1740
1740
1748
1739
1738
1738
1737
1737
1736
1736
1736
1736
1736
1736
1735
1734
1734
1734
1734
1737
1733
1733
1733
1732
1732
1731
1731
1731
1732
1730
1730
1730
1730
1729
1729
1729
1729
1729
1728
1727
1728
1726
1726
1726
1725
1725
1724
1722
1721
1721
1721
1728
1720
1720
1719
1719
1718
1718
1717
1717
1717
1717
1716
1715
1715
1715
1713
1713
1713
1740
1712
1712
1712
1712
1712
1735
1711
1710
1711
1708
1708
1707
1707
1707
1706
1706
1705
1704
1703
1701
1701
1701
1704
1700
1700
1700
1700
1699
1699
1701
1698
1698
1698
1698
1698
1698
1697
1698
1696
1696
1696
1696
1695
1695
1704
1694
1694
1694
1702
1693
1693
1693
1692
1692
1777
1691
1691
1690
1690
1690
1690
1690
1689
1689
1689
1688
1688
1687
1687
1688
1686
1686
1686
2000
1685
1685
1685
1685
1685
1682
1682
1681
1681
1685
1680
1679
1679
1678
1677
1676
1676
1677
1675
1675
1674
1673
1673
1673
1673
1674
1672
1672
1671
1671
1670
1668
1668
1667
1667
1667
1666
1666
1666
1665
1665
1665
1665
1665
1675
1664
1664
1664
1664
1664
1664
1663
1661
1661
1661
1661
1661
1660
1660
1660
1663
1659
1659
1658
1658
1658
1657
1657
1656
1655
1655
1659
1654
1653
1653
1653
1652
1651
1652
1650
1649
1648
1649
1647
1647
1647
1647
1646
1646
1646
1646
1645
1645
1645
1644
1654
1643
1642
1642
1641
1641
1640
1641
1639
1639
1639
1639
1640
1638
1638
1636
1636
1636
1635
1635
1635
1635
1634
1634
1635
1633
1633
1633
1634
1632
1632
1632
1632
1631
1651
1630
1630
1630
1630
1629
1629
1629
1629
1628
1628
1628
1628
1628
1626
1625
1625
1625
1624
1624
1624
1624
1624
1624
1623
1623
1622
1622
1622
1621
1619
1619
1618
1618
1618
1617
1617
1616
1616
1616
1635
1615
1615
1615
1614
1614
1615
1609
1607
1607
1606
1606
1606
1605
1610
1604
1614
1603
1603
1603
1603
1602
1602
1602
1602
1601
1602
1600
1600
1600
1599
1599
1598
1598
1597
1597
1602
1596
1595
1594
1594
1593
1593
1596
1592
1591
1591
1590
1589
1589
1589
1589
1591
1588
1587
1587
1586
1586
1586
1585
1585
1585
1584
1584
1583
1583
1582
1583
1580
1579
1579
1579
1578
1578
1578
1578
1577
1576
1576
1576
1588
1575
1575
1575
1575
1574
1574
1572
1572
1572
1572
1573
1571
1571
1605
1569
1569
1566
1566
1566
1568
1565
1565
1564
1564
1563
1562
1562
1626
1561
1561
1560
1560
1561
1558
1558
1558
1558
1606
1556
1556
1556
1556
1556
1555
1555
1554
1554
1554
1554
1553
1554
1552
1552
1551
1552
1550
1550
1550
1550
1550
1550
1550
1549
1549
1551
1548
1548
1548
1553
1547
1547
1545
1545
1545
1544
1544
1547
1543
1543
1543
1543
1545
1542
1542
1542
1541
1541
1541
1541
1540
1540
1539
1539
1538
1538
1538
1538
1540
1537
1537
1537
1537
1536
1536
1536
1536
1537
1535
1535
1537
1534
1534
1534
1533
1533
1534
1532
1532
1532
1532
1531
1531
1531
1531
1531
1530
1530
1530
1530
1530
1529
1528
1528
1528
1528
1528
1527
1529
1526
1526
1526
1525
1525
1529
1523
1532
1522
1522
1522
1521
1521
1521
1521
1520
1521
1519
1519
1519
1518
1518
1517
1517
1516
1517
1513
1513
1512
1512
1512
1511
1521
1510
1510
1509
1509
1509
1509
1509
1520
1508
1508
1508
1507
1507
1506
1505
1505
1506
1504
1504
1504
1507
1503
1503
1503
1502
1506
1501
1501
1501
1501
1500
1499
1499
1499
1498
1498
1498
1498
1498
1497
1497
1497
1497
1496
1496
1496
1496
1495
1494
1493
1495
1492
1492
1491
1491
1490
1490
1490
1496
1489
1489
1488
1489
1487
1487
1487
1487
1486
1486
1486
1483
1483
2016
1482
1482
1482
1481
1481
1480
1480
1479
1478
1478
1478
1478
1478
1477
1476
1476
1476
1475
1475
1474
1474
1476
1473
1473
1473
1473
1472
1472
1472
1482
1471
1471
1471
1471
1471
1470
1470
1470
1470
1470
1469
1469
1469
1469
1469
1471
1468
1468
1467
1466
1465
1466
1464
1464
1463
1462
1462
1465
1461
1461
1463
1460
1460
1459
1459
1459
1465
1458
1458
1458
1457
1457
1457
1458
1456
1456
1456
1456
1456
1455
1454
1454
1453
1453
1453
1453
1452
1456
1451
1451
1450
1451
1449
1449
1447
1447
1447
1448
1446
1446
1446
1446
1446
1445
1445
1444
1444
1443
1442
1442
1441
1441
1441
1441
1440
1443
1439
1439
1439
1439
1438
1438
1438
1437
1437
1437
1436
1436
1437
1435
1435
1435
1435
1435
1434
1434
1434
1434
1433
1433
1433
1433
1433
1433
1433
1432
1432
1432
1431
1431
1431
3211
1430
1430
1430
1430
1429
1429
1428
1430
1426
1426
1425
1425
1424
1424
1423
1423
1422
1422
1422
1422
1422
1422
1422
1422
1421
1421
1421
1420
1419
1419
1419
1422
1418
1418
1430
1417
1417
1416
1416
1416
1416
1415
1414
1414
1414
1414
1414
1413
1412
1411
1409
1408
1408
1413
1407
1408
1406
1406
1405
1405
1405
1404
1404
1404
1403
1403
1403
1402
1402
1402
1402
1401
1401
1401
1402
1400
1400
1398
1398
1398
1398
1396
1396
1407
1395
1395
1395
1395
1394
1394
1405
1393
1393
1393
1391
1387
1390
1386
1386
1385
1385
1384
1384
1383
1384
1382
1382
1381
1381
1381
1381
1380
1380
1379
1379
1378
1377
1377
1377
1385
1376
1376
1383
1375
1375
1374
1374
1374
1374
1374
1381
1373
1373
1373
1373
1373
1373
1372
1372
1371
1371
1371
1371
1371
1370
1370
1370
1370
1369
1369
1369
1368
1368
1368
1368
1369
1367
1367
1367
1367
1408
1366
1365
1366
1363
1363
1403
1362
1361
1360
1360
1361
1359
1358
1358
1362
1357
1357
1357
1355
1355
1354
1354
1354
1354
1353
1353
1354
1352
1352
1351
1351
1351
1351
1351
1350
1349
1349
1349
1351
1348
1347
1346
1345
1346
1344
1344
1350
1343
1348
1342
1342
1342
1342
1342
1342
1342
1342
1341
1340
1340
1340
1340
1340
1340
1340
1339
1339
1338
1337
1337
1337
1336
1336
1336
1338
1335
1335
1335
1334
1334
1333
1333
1333
1333
1333
1335
1332
1333
1329
1328
1328
1328
1328
1327
1327
1327
1327
1327
1336
1326
1326
1326
1326
1326
1326
1325
1325
1325
1325
1325
1339
1324
1324
1323
1324
1322
1322
1322
1322
1322
1351
1320
1320
1320
1319
1318
1318
1318
1316
1315
1316
1314
1314
1319
1313
1312
1312
1312
1311
1311
1311
1310
1309
1309
1310
1308
1308
1308
1308
1312
1307
1307
1307
1307
1320
1306
1306
1305
1305
1306
1304
1304
1304
1303
1303
1302
1302
1300
1300
1299
1299
1299
1299
1299
1299
1298
1299
1297
1297
1296
1297
1295
1295
1295
1298
1294
1294
1294
1314
1293
1293
1293
1292
1292
1292
1292
1292
1291
1290
1290
1289
1289
1290
1288
1288
1288
1288
1288
1287
1287
1286
1286
1285
1284
1292
1283
1282
1282
1281
1281
1281
1281
1283
1280
1280
1280
1280
1280
1279
1285
1278
1278
1278
1277
1276
1276
1276
1275
1275
1275
1275
1274
1274
1274
1274
1274
1272
1272
1271
1271
1270
1270
1269
1269
1269
1268
1268
1272
1267
1267
1266
1267
1265
1265
1265
1264
1267
1263
1263
1262
1263
1261
1261
1260
1261
1259
1259
1263
1258
1257
1256
1256
1255
1257
1254
1254
1254
1253
1253
1252
1252
1251
1260
1250
1250
1250
1249
1250
1248
1248
1248
1248
1250
1247
1247
1247
1247
1246
1422
1245
1245
1244
1244
1244
1243
1243
1242
1242
1242
1242
1242
1241
1242
1239
1239
1239
1239
1239
1238
1237
1237
1238
1236
1236
1235
1233
1234
1232
1232
1232
1234
1231
1231
1230
1230
1230
1231
1229
1229
1229
1229
1235
1228
1228
1228
1228
1227
1227
1227
1226
1226
1226
1225
1224
1223
1223
1223
1223
1223
1222
1222
1221
1221
1221
1221
1225
1219
1219
1219
1221
1218
1218
1217
1217
1216
1215
1214
1214
1214
1213
1213
1213
1217
1212
1212
1212
1212
1212
1211
1211
1211
1211
1211
1210
1210
1210
1209
1209
1207
1207
1207
1207
1206
1206
1206
1207
1205
1205
1205
1204
1203
1203
1211
1202
1202
1201
1200
1199
1201
1198
1198
1198
1198
1197
1212
1196
1196
1195
1194
1193
1193
1191
1191
1191
1191
1193
1190
1190
1190
1186
1186
1186
1189
1185
1185
1184
1185
1183
1187
1182
1182
1182
1181
1182
1180
1180
1180
1184
1179
1179
1179
1179
1184
1177
1177
1177
1177
1176
1175
1175
1175
1174
1171
1171
1172
1170
1170
1170
1168
1167
1167
1168
1166
1166
1165
1165
1164
1164
1163
1163
1163
1163
1163
1163
1162
1162
1161
1160
1160
1160
1160
1166
1159
1158
1158
1158
1157
1157
1157
1157
1156
1156
1156
1156
1155
1155
1155
1154
1153
1159
1152
1152
1151
1150
1150
1151
1149
1149
1149
1148
1148
1148
1147
1148
1146
1146
1146
1156
1145
1145
1145
1144
1144
1144
1145
1143
1143
1142
1143
1141
1141
1141
1141
1140
1140
1139
1140
1138
1137
1137
1136
1136
1136
1136
1136
1138
1135
1135
1135
1135
1135
1134
1158
1133
1133
1132
1133
1130
1130
1130
1130
1130
1129
1129
1129
1127
1127
1131
1126
1126
1126
1127
1125
1125
1125
1124
1125
1123
1123
1124
1122
1122
1122
1122
1122
1121
1120
1119
1120
1117
1117
1117
1117
1116
1116
1116
1115
1115
1118
1114
1114
1114
1114
1113
1113
1112
1112
1112
1112
1110
1109
1109
1108
1107
1107
1106
1106
1105
1105
1115
1104
1104
1103
1103
1119
1102
1102
1100
1099
1098
1097
1097
1125
1096
1096
1096
1096
1095
1095
1094
1094
1092
1095
1091
1090
1089
1088
1096
1087
1087
1086
1086
1106
1085
1085
1085
1084
1084
1084
1083
1083
1085
1082
1082
1082
1082
1085
1081
1081
1080
1079
1080
1078
1078
1077
1077
1077
1077
1076
1076
1075
1075
1074
1074
1080
1073
1073
1073
1073
1072
1073
1071
1070
1069
1069
1141
1068
1068
1067
1066
1066
1066
1065
1064
1067
1062
1062
1062
1062
1061
1061
1061
1062
1060
1060
1124
1059
1132
1058
1058
1058
1057
1057
1056
1056
1056
1056
1058
1055
1055
1055
1054
1054
1055
1052
1053
1051
1050
1050
1048
1048
1047
1046
1046
1046
1046
1047
1045
1045
1045
1045
1058
1044
1044
1044
1043
1043
1043
1043
1057
1041
1041
1041
1040
1040
1039
1039
1039
1039
1038
1038
1037
1039
1036
1036
1035
1035
1034
1036
1033
1033
1033
1033
1035
1032
1032
1032
1032
1032
1032
1032
1038
1030
1030
1030
1030
1030
1029
1029
1029
1029
1028
1028
1028
1028
1028
1027
1027
1027
1026
1026
1028
1025
1025
1023
1023
1022
1022
1022
1022
1022
1021
1021
1021
1021
1025
1020
1020
1019
1019
1019
1019
1019
1017
1017
1017
1017
1016
1016
1016
1016
1016
1021
1015
1014
1013
1013
1012
1012
1011
1011
1010
1010
1011
1009
1009
1011
1008
1009
1007
1007
1006
1007
1005
1005
1005
1004
1004
1002
1008
1001
1001
1000
1000
1001
999
999
998
998
997
998
995
995
998
994
993
993
992
991
990
990
989
989
989
989
989
988
988
988
986
986
986
986
985
985
985
984
985
983
983
982
1021
981
981
981
981
980
980
980
981
979
979
979
977
977
978
976
976
973
974
972
974
971
971
970
969
978
968
968
967
967
967
966
966
981
965
965
964
964
963
963
963
964
962
962
962
962
962
962
979
961
961
960
960
959
960
958
957
956
956
958
955
955
955
955
955
954
954
954
954
953
953
953
954
952
952
950
950
950
954
949
949
951
948
948
947
947
945
945
945
944
944
944
943
942
947
941
941
941
940
941
939
939
939
941
938
938
937
937
937
936
936
935
935
934
934
934
934
933
932
932
931
931
931
932
930
930
930
935
929
929
929
929
927
927
925
925
924
924
923
922
922
924
921
921
924
920
920
920
968
918
918
917
918
915
915
915
915
914
915
913
912
912
911
911
912
910
909
909
908
907
909
906
906
905
906
904
903
903
903
903
910
902
901
901
901
901
900
900
912
899
899
899
899
899
898
897
898
896
913
895
895
894
894
895
893
892
892
893
890
890
890
890
890
890
890
893
889
889
888
888
888
888
888
895
887
887
887
886
886
886
885
885
885
885
885
885
917
884
884
884
883
883
884
882
882
881
881
881
880
880
880
880
880
880
879
879
879
879
877
879
876
876
876
876
875
874
883
873
873
872
872
872
871
871
873
870
870
870
869
869
869
868
868
864
864
864
869
863
863
862
862
862
861
861
867
860
860
860
860
860
870
859
859
859
858
858
858
859
857
857
857
856
854
853
853
854
852
851
853
850
850
850
850
848
848
848
848
848
847
847
847
848
846
846
845
844
846
843
843
849
842
842
842
841
841
841
841
840
873
839
839
839
839
839
838
838
838
838
836
836
835
836
834
839
833
833
833
832
832
831
831
833
830
830
830
830
829
829
829
829
828
828
828
827
827
827
826
825
825
825
823
823
823
822
823
821
821
821
895
820
820
819
818
818
818
818
817
817
816
815
815
814
813
813
813
812
812
811
811
811
819
810
810
810
810
809
809
809
810
808
808
808
808
817
807
806
807
805
805
805
804
804
804
804
805
803
804
802
801
801
800
800
801
799
799
798
798
798
798
798
799
797
797
797
797
797
796
796
796
796
796
796
796
796
795
795
795
795
804
794
794
792
792
791
791
791
790
789
790
788
793
787
787
786
786
786
786
812
784
784
784
784
784
784
782
782
782
781
780
780
780
781
779
779
779
779
778
783
777
777
777
776
776
776
776
777
774
774
774
773
772
772
779
771
771
769
771
768
768
766
765
766
764
764
764
764
764
763
763
765
762
762
761
761
761
765
760
760
759
759
759
760
758
757
756
754
754
753
754
752
752
752
752
751
751
758
750
750
750
750
750
749
749
748
747
747
747
747
747
747
747
752
746
746
746
746
745
745
746
744
744
744
743
743
743
744
742
742
742
742
807
741
741
741
740
740
740
740
740
739
739
740
738
738
738
738
738
739
737
737
737
736
735
735
736
734
734
733
737
732
732
732
732
731
731
730
730
730
730
732
729
729
888
728
728
728
728
727
727
727
726
726
726
725
725
725
725
725
725
724
724
724
724
1167
723
723
723
723
722
722
721
720
720
719
719
718
717
717
716
716
715
715
721
714
714
712
712
714
711
711
711
710
710
714
709
709
709
709
708
708
708
708
707
707
707
706
707
704
704
704
709
702
702
702
701
704
700
700
700
699
698
698
697
697
697
697
696
696
697
695
695
695
695
695
695
695
694
694
695
693
691
691
691
690
690
690
690
690
688
687
687
688
685
685
689
684
684
683
682
682
682
682
682
682
682
681
681
680
679
679
679
678
678
678
677
677
676
676
676
675
675
674
674
674
673
673
678
672
672
672
672
672
671
671
671
671
685
670
670
669
669
669
668
668
669
667
667
666
666
666
665
665
665
664
664
664
664
670
663
663
665
662
662
662
662
662
664
661
661
661
660
660
657
657
656
656
655
655
655
654
654
653
653
653
660
652
652
651
651
651
650
650
703
649
649
649
649
649
648
648
648
647
646
646
646
648
645
645
644
644
644
644
643
643
643
643
643
647
642
641
640
640
639
639
639
639
639
639
637
637
640
636
636
635
636
634
634
634
634
633
637
631
631
630
637
629
629
629
629
629
628
628
627
628
626
626
625
624
623
623
623
625
622
622
622
622
621
621
620
619
618
618
625
617
617
617
617
616
615
615
615
615
615
617
614
614
614
614
613
612
612
612
611
612
610
613
609
608
609
607
607
606
608
605
605
607
603
603
602
601
601
601
601
600
600
600
599
598
598
597
597
597
597
598
596
596
599
595
595
595
594
606
593
593
593
592
592
593
591
591
591
591
590
590
589
589
589
588
589
587
587
587
587
586
585
584
583
584
582
582
582
582
581
581
581
580
579
579
580
578
577
577
580
576
575
574
574
573
584
572
571
571
572
570
570
569
569
569
567
567
567
566
589
565
563
562
562
562
563
561
561
558
558
559
557
557
556
556
555
555
555
555
556
553
553
553
552
552
552
551
551
551
552
550
550
550
549
549
548
548
548
548
549
547
547
547
547
550
546
546
545
545
544
544
544
543
543
551
542
542
541
541
541
540
540
540
539
539
539
538
538
555
537
537
536
535
535
535
534
533
533
533
533
535
532
532
532
535
531
531
529
529
528
527
528
526
526
526
526
525
525
524
524
523
523
523
522
522
522
522
522
523
521
520
521
519
519
519
519
519
521
518
518
517
517
531
516
516
516
516
515
515
516
514
513
513
512
512
510
510
510
510
508
508
508
515
507
507
507
506
506
505
505
505
504
504
507
503
503
510
502
502
502
502
502
501
501
501
501
500
500
498
498
498
497
497
497
497
498
495
495
495
495
495
495
494
494
494
493
493
493
493
492
492
492
492
492
492
490
490
489
489
488
487
487
487
487
487
485
485
485
487
484
484
484
484
483
483
483
483
484
482
482
482
485
481
481
481
481
480
480
480
492
479
479
479
478
478
478
478
489
477
477
477
475
475
475
475
474
474
474
473
473
472
471
471
471
470
515
469
469
467
467
467
466
465
465
463
466
462
462
462
462
465
461
461
461
461
460
460
460
459
460
458
458
458
457
457
455
453
453
453
453
454
452
452
451
451
451
451
451
451
451
450
466
449
449
449
449
449
449
448
448
447
446
446
447
445
445
448
444
443
443
443
447
442
442
441
441
441
446
438
438
438
437
437
506
436
436
436
435
435
434
435
433
433
435
431
434
430
429
429
434
428
428
428
428
428
427
427
428
426
426
428
425
425
424
423
423
422
422
421
420
420
422
418
418
418
429
417
417
417
417
416
416
435
415
415
414
414
413
414
412
412
411
412
410
410
410
410
408
408
408
414
407
407
406
406
404
404
404
404
404
406
403
403
403
406
402
402
402
403
401
401
401
401
401
400
400
400
399
399
398
409
397
397
397
397
396
396
395
395
534
394
394
394
394
392
392
392
392
393
391
391
390
390
389
394
388
387
387
387
386
385
385
385
386
383
383
387
382
382
382
382
382
382
382
382
381
381
378
378
378
381
376
376
375
375
374
373
373
372
372
372
371
371
371
373
370
370
369
369
368
369
367
369
366
366
365
365
365
365
365
365
369
363
363
362
362
362
361
361
361
363
360
358
358
357
356
356
356
357
355
359
354
354
354
353
354
352
352
351
351
351
351
351
351
351
350
351
349
347
348
346
346
347
345
345
351
344
344
344
344
344
344
349
343
342
342
341
341
353
340
340
339
339
338
338
337
337
337
335
338
334
333
335
332
332
332
332
332
331
330
329
329
330
328
328
328
335
327
326
326
325
325
322
322
321
321
321
320
320
319
319
319
319
318
318
317
317
316
315
314
313
313
329
312
312
312
311
310
309
309
309
309
307
307
306
305
305
305
303
303
304
302
301
301
301
299
299
299
299
298
297
297
296
296
296
295
295
295
295
295
295
294
296
293
293
293
292
292
293
291
290
289
289
289
304
288
287
286
286
285
285
283
283
283
282
282
282
281
281
281
285
280
280
279
277
277
284
276
276
276
296
275
275
274
274
274
274
273
273
273
275
272
270
270
269
268
268
268
267
269
266
266
266
266
265
270
264
264
264
264
264
263
263
262
267
261
261
260
260
261
259
259
259
259
259
293
258
258
258
257
257
257
257
257
256
256
255
255
255
254
254
255
253
253
252
252
252
252
251
251
257
250
250
250
250
376
249
249
249
248
248
249
247
245
245
245
245
244
243
241
241
241
239
240
238
238
242
237
237
237
236
236
236
236
236
236
235
235
234
234
233
232
232
231
231
232
230
230
230
230
233
229
229
229
229
229
226
226
225
225
225
224
224
231
223
223
223
223
219
219
219
218
218
217
217
217
216
216
215
215
222
214
214
214
213
213
212
212
212
211
211
210
210
209
211
208
208
208
207
207
209
206
206
206
206
205
205
205
205
204
204
204
228
203
203
203
208
201
201
201
200
199
199
196
199
195
200
194
194
198
193
193
192
192
191
191
196
189
188
199
187
187
187
197
186
186
186
186
185
185
201
184
184
184
184
184
183
183
183
182
182
183
181
181
180
180
180
180
180
179
179
178
178
178
177
176
176
176
180
175
175
174
174
174
174
174
173
173
172
173
171
171
169
169
171
168
168
168
168
167
167
168
166
166
166
166
166
166
165
164
164
164
164
163
163
163
164
162
162
161
161
161
159
159
159
159
158
158
157
157
156
154
153
153
153
153
372
152
152
152
152
151
151
151
151
150
150
150
150
148
148
148
147
147
145
144
144
144
144
144
143
142
142
142
140
140
139
138
138
138
137
137
139
136
136
136
135
135
136
133
133
133
132
131
131
131
130
133
129
129
129
129
128
127
126
125
125
131
124
124
124
123
123
123
123
123
122
121
121
120
120
120
120
119
119
118
118
121
117
117
121
116
116
116
116
116
142
115
115
115
114
114
113
114
112
112
110
110
109
109
109
110
108
108
108
108
108
107
107
107
106
106
108
105
105
105
105
107
104
104
104
103
103
103
102
102
102
102
101
101
100
100
99
101
98
97
97
96
96
96
96
95
95
107
94
93
93
93
93
93
92
92
92
92
91
90
90
90
88
87
90
86
86
85
85
85
86
84
88
83
82
82
81
81
81
86
80
80
79
79
79
79
79
78
78
77
77
77
75
77
74
74
74
73
71
73
70
70
104
68
68
67
66
65
66
64
64
63
64
61
59
59
58
58
58
96
57
55
54
54
53
53
53
52
52
52
52
52
51
50
51
49
50
48
48
47
47
49
46
45
45
45
44
44
44
44
44
43
43
43
45
42
42
42
42
42
42
41
41
40
40
40
49
39
38
38
38
37
37
37
39
36
35
35
35
34
34
34
33
32
32
31
31
31
29
29
29
29
28
28
28
28
32
27
27
27
27
26
26
24
24
23
22
22
22
28
21
21
21
21
21
19
19
19
18
20
17
16
16
15
14
14
14
14
14
13
14
12
12
11
11
11
10
9
9
46
8
8
8
7
6
6
6
6
5
5
5
4
4
3
3
3
2
2
2
2
1
